 =================================================
 final state = nn
 ---------- 
 cm energy   =   13000.00
 ---------- 
 tan_beta =      9.40217
 ---------- 
 m_gluino =  10548.94720
 m_neut1  =    120.77753
 m_neut2  =   -127.84540
 m_neut3  =    697.44839
 m_neut4  =   1499.43711
 m_char1  =    124.24747
 m_char2  =   1499.43536
 ---------- 
 m_sdl    =  10303.84260
 m_sdr    =  10303.71770
 m_sul    =  10303.56150
 m_sur    =  10303.62370
 m_sq8    =  10303.68637
 m_sq10   =  10303.70518
 m_sb1    =  10303.63050
 m_sb2    =  10303.93030
 A_b      =    100.00000
 sin(2b)  =      0.00000
 cos(2b)  =      0.00000
 m_st1    =  10187.07220
 m_st2    =  10306.83270
 A_t      =    100.00000
 sin(2t)  =      0.00000
 cos(2t)  =      0.00000
 ---------- 
 m_sel    =  10000.09640
 m_ser    =  10000.09680
 m_sne    =   9999.80676
 m_stau1  =   9999.97643
 m_stau2  =  10000.21710
 m_sntau  =   9999.80676
 A_l      =    251.73726
 sin(2l)  =      0.00000
 cos(2l)  =      0.00000
 ---------- 
 m_ha     =  10000.00000
 m_hl     =    126.10841
 m_hh     =  10000.05060
 m_hc     =  10000.77210
 sin(alp) =     -0.10579
 cos(alp) =      0.99439
 ---------- 
 Z_bw     =  0.059440  -0.042908   0.715857  -0.694387   0.000000   0.000000   0.000000   0.000000
             0.034468  -0.030203  -0.697933  -0.714696   0.000000   0.000000   0.000000   0.000000
             0.997632   0.006512  -0.018509   0.065914   0.000000   0.000000   0.000000   0.000000
             0.002909  -0.998601  -0.009771   0.051882   0.000000   0.000000   0.000000   0.000000
 ---------- 
 U        = -0.013793   0.999905
             0.999905   0.013793
 ---------- 
 V        = -0.073343   0.997307
             0.997307   0.073343
 ---------- 
 F (st)   =  0.038561   0.999256
            -0.999256   0.038561
 ---------- 
 F (sb)   =  0.540093   0.841606
            -0.841606   0.540093
 ---------- 
 F (sl)   =  0.707674   0.706539
            -0.706539   0.707674
 ---------- 
          flags : 
 isq_ng   =  1
 ipart1   =  2
 ipart2   =  5
 isquark1 =  0
 isquark2 =  0
 icoll    =  1
 isca     =  0
 imx      =  0
 ---------- 
 numerical cuts : 
 all integrals :     0.00000001
 slicing       :     0.00001000
 subtraction   :     0.00010000
 small width   :     0.01000000
