 =================================================
 final state = nn
 ---------- 
 cm energy   =   13000.00
 ---------- 
 tan_beta =      9.40422
 ---------- 
 m_gluino =  10548.94290
 m_neut1  =    122.65389
 m_neut2  =   -127.12071
 m_neut3  =   1093.69275
 m_neut4  =   2325.34168
 m_char1  =    124.82910
 m_char2  =   2325.34121
 ---------- 
 m_sdl    =  10303.84050
 m_sdr    =  10303.71560
 m_sul    =  10303.55920
 m_sur    =  10303.62120
 m_sq8    =  10303.68412
 m_sq10   =  10303.70295
 m_sb1    =  10303.62830
 m_sb2    =  10303.92820
 A_b      =    100.00000
 sin(2b)  =      0.00000
 cos(2b)  =      0.00000
 m_st1    =  10187.58520
 m_st2    =  10308.10550
 A_t      =    100.00000
 sin(2t)  =      0.00000
 cos(2t)  =      0.00000
 ---------- 
 m_sel    =  10000.09630
 m_ser    =  10000.09720
 m_sne    =   9999.80646
 m_stau1  =   9999.97656
 m_stau2  =  10000.21730
 m_sntau  =   9999.80646
 A_l      =    251.73726
 sin(2l)  =      0.00000
 cos(2l)  =      0.00000
 ---------- 
 m_ha     =  10000.00000
 m_hl     =    125.69346
 m_hh     =  10000.05030
 m_hc     =  10000.77460
 sin(alp) =     -0.10576
 cos(alp) =      0.99439
 ---------- 
 Z_bw     =  0.035487  -0.026996   0.712929  -0.699817   0.000000   0.000000   0.000000   0.000000
             0.023201  -0.019936  -0.701158  -0.712349   0.000000   0.000000   0.000000   0.000000
             0.999100   0.002637  -0.009034   0.041359   0.000000   0.000000   0.000000   0.000000
             0.001214  -0.999433  -0.005295   0.033222   0.000000   0.000000   0.000000   0.000000
 ---------- 
 U        = -0.007482   0.999972
             0.999972   0.007482
 ---------- 
 V        = -0.046974   0.998896
             0.998896   0.046974
 ---------- 
 F (st)   =  0.038753   0.999249
            -0.999249   0.038753
 ---------- 
 F (sb)   =  0.540054   0.841630
            -0.841630   0.540054
 ---------- 
 F (sl)   =  0.708365   0.705847
            -0.705847   0.708365
 ---------- 
          flags : 
 isq_ng   =  1
 ipart1   =  4
 ipart2   =  4
 isquark1 =  0
 isquark2 =  0
 icoll    =  1
 isca     =  0
 imx      =  0
 ---------- 
 numerical cuts : 
 all integrals :     0.00000001
 slicing       :     0.00001000
 subtraction   :     0.00010000
 small width   :     0.01000000
