 =================================================
 final state = nn
 ---------- 
 cm energy   =   13000.00
 ---------- 
 tan_beta =      9.40161
 ---------- 
 m_gluino =  10548.94640
 m_neut1  =    222.38524
 m_neut2  =   -231.40358
 m_neut3  =    599.01855
 m_neut4  =   1291.00957
 m_char1  =    227.06513
 m_char2  =   1291.00630
 ---------- 
 m_sdl    =  10303.84190
 m_sdr    =  10303.71730
 m_sul    =  10303.56140
 m_sur    =  10303.62350
 m_sq8    =  10303.68603
 m_sq10   =  10303.70479
 m_sb1    =  10303.53140
 m_sb2    =  10304.02830
 A_b      =    100.00000
 sin(2b)  =      0.00000
 cos(2b)  =      0.00000
 m_st1    =  10186.93240
 m_st2    =  10306.50960
 A_t      =    100.00000
 sin(2t)  =      0.00000
 cos(2t)  =      0.00000
 ---------- 
 m_sel    =  10000.09620
 m_ser    =  10000.09670
 m_sne    =   9999.80716
 m_stau1  =   9999.89421
 m_stau2  =  10000.29890
 m_sntau  =   9999.80716
 A_l      =    251.73726
 sin(2l)  =      0.00000
 cos(2l)  =      0.00000
 ---------- 
 m_ha     =  10000.00000
 m_hl     =    126.19726
 m_hh     =  10000.05000
 m_hc     =  10000.77180
 sin(alp) =     -0.10579
 cos(alp) =      0.99439
 ---------- 
 Z_bw     =  0.091454  -0.055383   0.711203  -0.694809   0.000000   0.000000   0.000000   0.000000
             0.034059  -0.032069  -0.701560  -0.711073   0.000000   0.000000   0.000000   0.000000
             0.995218   0.010274  -0.041274   0.087928   0.000000   0.000000   0.000000   0.000000
             0.004076  -0.997897  -0.017350   0.062318   0.000000   0.000000   0.000000   0.000000
 ---------- 
 U        = -0.024491   0.999700
             0.999700   0.024491
 ---------- 
 V        = -0.088077   0.996114
             0.996114   0.088077
 ---------- 
 F (st)   =  0.038973   0.999240
            -0.999240   0.038973
 ---------- 
 F (sb)   =  0.612047   0.790822
            -0.790822   0.612047
 ---------- 
 F (sl)   =  0.707530   0.706683
            -0.706683   0.707530
 ---------- 
          flags : 
 isq_ng   =  1
 ipart1   =  5
 ipart2   =  7
 isquark1 =  0
 isquark2 =  0
 icoll    =  1
 isca     =  0
 imx      =  0
 ---------- 
 numerical cuts : 
 all integrals :     0.00000001
 slicing       :     0.00001000
 subtraction   :     0.00010000
 small width   :     0.01000000
