 =================================================
 final state = nn
 ---------- 
 cm energy   =   13000.00
 ---------- 
 tan_beta =      9.40287
 ---------- 
 m_gluino =  10548.94490
 m_neut1  =    203.94512
 m_neut2  =   -210.35300
 m_neut3  =    796.44030
 m_neut4  =   1706.40676
 m_char1  =    207.16712
 m_char2  =   1706.40545
 ---------- 
 m_sdl    =  10303.84120
 m_sdr    =  10303.71660
 m_sul    =  10303.56050
 m_sur    =  10303.62250
 m_sq8    =  10303.68520
 m_sq10   =  10303.70399
 m_sb1    =  10303.55080
 m_sb2    =  10304.00750
 A_b      =    100.00000
 sin(2b)  =      0.00000
 cos(2b)  =      0.00000
 m_st1    =  10187.23370
 m_st2    =  10307.00350
 A_t      =    100.00000
 sin(2t)  =      0.00000
 cos(2t)  =      0.00000
 ---------- 
 m_sel    =  10000.09620
 m_ser    =  10000.09690
 m_sne    =   9999.80694
 m_stau1  =   9999.91069
 m_stau2  =  10000.28270
 m_sntau  =   9999.80694
 A_l      =    251.73726
 sin(2l)  =      0.00000
 cos(2l)  =      0.00000
 ---------- 
 m_ha     =  10000.00000
 m_hl     =    125.94511
 m_hh     =  10000.04980
 m_hc     =  10000.77310
 sin(alp) =     -0.10578
 cos(alp) =      0.99439
 ---------- 
 Z_bw     =  0.058180  -0.039545   0.711399  -0.699259   0.000000   0.000000   0.000000   0.000000
             0.028051  -0.025431  -0.702376  -0.710798   0.000000   0.000000   0.000000   0.000000
             0.997909   0.005313  -0.021709   0.060642   0.000000   0.000000   0.000000   0.000000
             0.002290  -0.998880  -0.010397   0.046103   0.000000   0.000000   0.000000   0.000000
 ---------- 
 U        = -0.014685   0.999892
             0.999892   0.014685
 ---------- 
 V        = -0.065177   0.997874
             0.997874   0.065177
 ---------- 
 F (st)   =  0.039026   0.999238
            -0.999238   0.039026
 ---------- 
 F (sb)   =  0.602920   0.797801
            -0.797801   0.602920
 ---------- 
 F (sl)   =  0.707816   0.706397
            -0.706397   0.707816
 ---------- 
          flags : 
 isq_ng   =  1
 ipart1   =  2
 ipart2   =  8
 isquark1 =  0
 isquark2 =  0
 icoll    =  1
 isca     =  0
 imx      =  0
 ---------- 
 numerical cuts : 
 all integrals :     0.00000001
 slicing       :     0.00001000
 subtraction   :     0.00010000
 small width   :     0.01000000
