 =================================================
 final state = nn
 ---------- 
 cm energy   =   13000.00
 ---------- 
 tan_beta =      9.40219
 ---------- 
 m_gluino =  10548.94680
 m_neut1  =    141.41413
 m_neut2  =   -148.55592
 m_neut3  =    697.47107
 m_neut4  =   1499.33247
 m_char1  =    144.94860
 m_char2  =   1499.33067
 ---------- 
 m_sdl    =  10303.84230
 m_sdr    =  10303.71750
 m_sul    =  10303.56130
 m_sur    =  10303.62350
 m_sq8    =  10303.68615
 m_sq10   =  10303.70495
 m_sb1    =  10303.61110
 m_sb2    =  10303.94920
 A_b      =    100.00000
 sin(2b)  =      0.00000
 cos(2b)  =      0.00000
 m_st1    =  10187.07440
 m_st2    =  10306.80190
 A_t      =    100.00000
 sin(2t)  =      0.00000
 cos(2t)  =      0.00000
 ---------- 
 m_sel    =  10000.09630
 m_ser    =  10000.09680
 m_sne    =   9999.80685
 m_stau1  =   9999.95998
 m_stau2  =  10000.23350
 m_sntau  =   9999.80685
 A_l      =    251.73726
 sin(2l)  =      0.00000
 cos(2l)  =      0.00000
 ---------- 
 m_ha     =  10000.00000
 m_hl     =    126.09630
 m_hh     =  10000.05040
 m_hc     =  10000.77220
 sin(alp) =     -0.10579
 cos(alp) =      0.99439
 ---------- 
 Z_bw     =  0.061744  -0.043613   0.714451  -0.695590   0.000000   0.000000   0.000000   0.000000
             0.033547  -0.029750  -0.699301  -0.713420   0.000000   0.000000   0.000000   0.000000
             0.997524   0.006628  -0.020674   0.066895   0.000000   0.000000   0.000000   0.000000
             0.002925  -0.998583  -0.010507   0.052078   0.000000   0.000000   0.000000   0.000000
 ---------- 
 U        = -0.014834   0.999890
             0.999890   0.014834
 ---------- 
 V        = -0.073620   0.997286
             0.997286   0.073620
 ---------- 
 F (st)   =  0.038663   0.999252
            -0.999252   0.038663
 ---------- 
 F (sb)   =  0.561630   0.827388
            -0.827388   0.561630
 ---------- 
 F (sl)   =  0.707698   0.706515
            -0.706515   0.707698
 ---------- 
          flags : 
 isq_ng   =  1
 ipart1   =  5
 ipart2   =  7
 isquark1 =  0
 isquark2 =  0
 icoll    =  1
 isca     =  0
 imx      =  0
 ---------- 
 numerical cuts : 
 all integrals :     0.00000001
 slicing       :     0.00001000
 subtraction   :     0.00010000
 small width   :     0.01000000
