 =================================================
 final state = nn
 ---------- 
 cm energy   =   13000.00
 ---------- 
 tan_beta =      9.40389
 ---------- 
 m_gluino =  10548.94220
 m_neut1  =    246.22865
 m_neut2  =   -251.36256
 m_neut3  =    994.52364
 m_neut4  =   2119.11838
 m_char1  =    248.80842
 m_char2  =   2119.11768
 ---------- 
 m_sdl    =  10303.83990
 m_sdr    =  10303.71530
 m_sul    =  10303.55930
 m_sur    =  10303.62100
 m_sq8    =  10303.68387
 m_sq10   =  10303.70266
 m_sb1    =  10303.50910
 m_sb2    =  10304.04650
 A_b      =    100.00000
 sin(2b)  =      0.00000
 cos(2b)  =      0.00000
 m_st1    =  10187.49010
 m_st2    =  10307.60940
 A_t      =    100.00000
 sin(2t)  =      0.00000
 cos(2t)  =      0.00000
 ---------- 
 m_sel    =  10000.09600
 m_ser    =  10000.09710
 m_sne    =   9999.80689
 m_stau1  =   9999.87786
 m_stau2  =  10000.31560
 m_sntau  =   9999.80689
 A_l      =    251.73726
 sin(2l)  =      0.00000
 cos(2l)  =      0.00000
 ---------- 
 m_ha     =  10000.00000
 m_hl     =    125.72916
 m_hh     =  10000.04930
 m_hc     =  10000.77310
 sin(alp) =     -0.10577
 cos(alp) =      0.99439
 ---------- 
 Z_bw     =  0.046179  -0.031796   0.710017  -0.701948   0.000000   0.000000   0.000000   0.000000
             0.022618  -0.020504  -0.703934  -0.709609   0.000000   0.000000   0.000000   0.000000
             0.998676   0.003427  -0.016877   0.048475   0.000000   0.000000   0.000000   0.000000
             0.001492  -0.999278  -0.008206   0.037062   0.000000   0.000000   0.000000   0.000000
 ---------- 
 U        = -0.011595   0.999933
             0.999933   0.011595
 ---------- 
 V        = -0.052402   0.998626
             0.998626   0.052402
 ---------- 
 F (st)   =  0.039312   0.999227
            -0.999227   0.039312
 ---------- 
 F (sb)   =  0.619732   0.784814
            -0.784814   0.619732
 ---------- 
 F (sl)   =  0.707956   0.706257
            -0.706257   0.707956
 ---------- 
          flags : 
 isq_ng   =  1
 ipart1   =  3
 ipart2   =  7
 isquark1 =  0
 isquark2 =  0
 icoll    =  1
 isca     =  0
 imx      =  0
 ---------- 
 numerical cuts : 
 all integrals :     0.00000001
 slicing       :     0.00001000
 subtraction   :     0.00010000
 small width   :     0.01000000
