 =================================================
 final state = nn
 ---------- 
 cm energy   =   13000.00
 ---------- 
 tan_beta =      9.40292
 ---------- 
 m_gluino =  10548.94440
 m_neut1  =    245.03482
 m_neut2  =   -251.60377
 m_neut3  =    796.48953
 m_neut4  =   1706.24053
 m_char1  =    248.38502
 m_char2  =   1706.23915
 ---------- 
 m_sdl    =  10303.84090
 m_sdr    =  10303.71630
 m_sul    =  10303.56040
 m_sur    =  10303.62230
 m_sq8    =  10303.68498
 m_sq10   =  10303.70376
 m_sb1    =  10303.51020
 m_sb2    =  10304.04760
 A_b      =    100.00000
 sin(2b)  =      0.00000
 cos(2b)  =      0.00000
 m_st1    =  10187.24590
 m_st2    =  10306.98110
 A_t      =    100.00000
 sin(2t)  =      0.00000
 cos(2t)  =      0.00000
 ---------- 
 m_sel    =  10000.09610
 m_ser    =  10000.09690
 m_sne    =   9999.80703
 m_stau1  =   9999.87782
 m_stau2  =  10000.31550
 m_sntau  =   9999.80703
 A_l      =    251.73726
 sin(2l)  =      0.00000
 cos(2l)  =      0.00000
 ---------- 
 m_ha     =  10000.00000
 m_hl     =    125.92956
 m_hh     =  10000.04950
 m_hc     =  10000.77310
 sin(alp) =     -0.10578
 cos(alp) =      0.99439
 ---------- 
 Z_bw     =  0.062579  -0.040677   0.710426  -0.699802   0.000000   0.000000   0.000000   0.000000
             0.026909  -0.024857  -0.703212  -0.710036   0.000000   0.000000   0.000000   0.000000
             0.997675   0.005541  -0.025568   0.062938   0.000000   0.000000   0.000000   0.000000
             0.002316  -0.998848  -0.011573   0.046518   0.000000   0.000000   0.000000   0.000000
 ---------- 
 U        = -0.016348   0.999866
             0.999866   0.016348
 ---------- 
 V        = -0.065763   0.997835
             0.997835   0.065763
 ---------- 
 F (st)   =  0.039220   0.999231
            -0.999231   0.039220
 ---------- 
 F (sb)   =  0.619735   0.784811
            -0.784811   0.619735
 ---------- 
 F (sl)   =  0.707768   0.706445
            -0.706445   0.707768
 ---------- 
          flags : 
 isq_ng   =  1
 ipart1   =  1
 ipart2   =  1
 isquark1 =  0
 isquark2 =  0
 icoll    =  1
 isca     =  0
 imx      =  0
 ---------- 
 numerical cuts : 
 all integrals :     0.00000001
 slicing       :     0.00001000
 subtraction   :     0.00010000
 small width   :     0.01000000
