 =================================================
 final state = nn
 ---------- 
 cm energy   =   13000.00
 ---------- 
 tan_beta =      9.40466
 ---------- 
 m_gluino =  10548.93980
 m_neut1  =    226.35814
 m_neut2  =   -230.55750
 m_neut3  =   1192.84602
 m_neut4  =   2529.95037
 m_char1  =    228.44139
 m_char2  =   2529.94997
 ---------- 
 m_sdl    =  10303.83870
 m_sdr    =  10303.71410
 m_sul    =  10303.55790
 m_sur    =  10303.61970
 m_sq8    =  10303.68260
 m_sq10   =  10303.70140
 m_sb1    =  10303.52810
 m_sb2    =  10304.02510
 A_b      =    100.00000
 sin(2b)  =      0.00000
 cos(2b)  =      0.00000
 m_st1    =  10187.69280
 m_st2    =  10308.41200
 A_t      =    100.00000
 sin(2t)  =      0.00000
 cos(2t)  =      0.00000
 ---------- 
 m_sel    =  10000.09600
 m_ser    =  10000.09720
 m_sne    =   9999.80673
 m_stau1  =   9999.89433
 m_stau2  =  10000.29920
 m_sntau  =   9999.80673
 A_l      =    251.73726
 sin(2l)  =      0.00000
 cos(2l)  =      0.00000
 ---------- 
 m_ha     =  10000.00000
 m_hl     =    125.57320
 m_hh     =  10000.04940
 m_hc     =  10000.77290
 sin(alp) =     -0.10576
 cos(alp) =      0.99439
 ---------- 
 Z_bw     =  0.035786  -0.025877   0.709907  -0.702909   0.000000   0.000000   0.000000   0.000000
             0.019800  -0.017603  -0.704176  -0.709531   0.000000   0.000000   0.000000   0.000000
             0.999163   0.002317  -0.011466   0.039204   0.000000   0.000000   0.000000   0.000000
             0.001041  -0.999507  -0.006004   0.030785   0.000000   0.000000   0.000000   0.000000
 ---------- 
 U        = -0.008485   0.999964
             0.999964   0.008485
 ---------- 
 V        = -0.043530   0.999052
             0.999052   0.043530
 ---------- 
 F (st)   =  0.039256   0.999229
            -0.999229   0.039256
 ---------- 
 F (sb)   =  0.612037   0.790829
            -0.790829   0.612037
 ---------- 
 F (sl)   =  0.708161   0.706051
            -0.706051   0.708161
 ---------- 
          flags : 
 isq_ng   =  1
 ipart1   =  1
 ipart2   =  4
 isquark1 =  0
 isquark2 =  0
 icoll    =  1
 isca     =  0
 imx      =  0
 ---------- 
 numerical cuts : 
 all integrals :     0.00000001
 slicing       :     0.00001000
 subtraction   :     0.00010000
 small width   :     0.01000000
