higgsino_100_1000: 11.2404
higgsino_100_1100: 11.2103
higgsino_100_1200: 11.1803
higgsino_100_300: 12.4015
higgsino_100_400: 11.9286
higgsino_100_500: 11.6633
higgsino_100_600: 11.5116
higgsino_100_700: 11.411
higgsino_100_800: 11.3507
higgsino_100_900: 11.2805
higgsino_120_1000: 5.85915
higgsino_120_1100: 5.83412
higgsino_120_1200: 5.8201
higgsino_120_300: 6.4167
higgsino_120_400: 6.1659
higgsino_120_500: 6.05123
higgsino_120_600: 5.98192
higgsino_120_700: 5.93947
higgsino_120_800: 5.89028
higgsino_120_900: 5.8732
higgsino_140_1000: 3.38407
higgsino_140_1100: 3.37505
higgsino_140_1200: 3.36804
higgsino_140_300: 3.69753
higgsino_140_400: 3.55845
higgsino_140_500: 3.48991
higgsino_140_600: 3.45269
higgsino_140_700: 3.4263
higgsino_140_800: 3.40816
higgsino_140_900: 3.3961
higgsino_160_1000: 2.10404
higgsino_160_1100: 2.09803
higgsino_160_1200: 2.09302
higgsino_160_300: 2.29839
higgsino_160_400: 2.20735
higgsino_160_500: 2.1668
higgsino_160_600: 2.14461
higgsino_160_700: 2.13024
higgsino_160_800: 2.11711
higgsino_160_900: 2.10906
higgsino_180_1000: 1.38003
higgsino_180_1100: 1.37502
higgsino_180_1200: 1.37301
higgsino_180_300: 1.51
higgsino_180_400: 1.44742
higgsino_180_500: 1.41977
higgsino_180_600: 1.40458
higgsino_180_700: 1.39422
higgsino_180_800: 1.38809
higgsino_180_900: 1.38305
higgsino_200_1000: 0.94102
higgsino_200_1100: 0.938012
higgsino_200_1200: 0.937008
higgsino_200_300: 1.03645
higgsino_200_400: 0.988578
higgsino_200_500: 0.96977
higgsino_200_600: 0.959565
higgsino_200_700: 0.951204
higgsino_200_800: 0.948083
higgsino_200_900: 0.944038
higgsino_220_1000: 0.663217
higgsino_220_1100: 0.662809
higgsino_220_1200: 0.661606
higgsino_220_300: 0.736522
higgsino_220_400: 0.698524
higgsino_220_500: 0.683293
higgsino_220_600: 0.677561
higgsino_220_700: 0.672099
higgsino_220_800: 0.669278
higgsino_220_900: 0.667634
higgsino_240_1000: 0.481415
higgsino_240_1100: 0.480608
higgsino_240_1200: 0.479105
higgsino_240_300: 0.53722
higgsino_240_400: 0.507284
higgsino_240_500: 0.496429
higgsino_240_600: 0.489565
higgsino_240_700: 0.486397
higgsino_240_800: 0.484076
higgsino_240_900: 0.483032
