higgsino_100_1000: 1.31228
higgsino_100_1100: 1.314
higgsino_100_1200: 1.31306
higgsino_100_300: 1.31436
higgsino_100_400: 1.31034
higgsino_100_500: 1.31216
higgsino_100_600: 1.31276
higgsino_100_700: 1.312
higgsino_100_800: 1.31101
higgsino_100_900: 1.31206
higgsino_120_1000: 1.30295
higgsino_120_1100: 1.30219
higgsino_120_1200: 1.30344
higgsino_120_300: 1.30346
higgsino_120_400: 1.30319
higgsino_120_500: 1.30431
higgsino_120_600: 1.30194
higgsino_120_700: 1.30173
higgsino_120_800: 1.30373
higgsino_120_900: 1.30461
higgsino_140_1000: 1.29285
higgsino_140_1100: 1.2957
higgsino_140_1200: 1.29424
higgsino_140_300: 1.29373
higgsino_140_400: 1.29598
higgsino_140_500: 1.29667
higgsino_140_600: 1.29256
higgsino_140_700: 1.2945
higgsino_140_800: 1.29254
higgsino_140_900: 1.29387
higgsino_160_1000: 1.28612
higgsino_160_1100: 1.28837
higgsino_160_1200: 1.28906
higgsino_160_300: 1.29106
higgsino_160_400: 1.29004
higgsino_160_500: 1.28812
higgsino_160_600: 1.28914
higgsino_160_700: 1.28825
higgsino_160_800: 1.28341
higgsino_160_900: 1.29113
higgsino_180_1000: 1.28333
higgsino_180_1100: 1.28145
higgsino_180_1200: 1.28259
higgsino_180_300: 1.2828
higgsino_180_400: 1.28275
higgsino_180_500: 1.28194
higgsino_180_600: 1.27844
higgsino_180_700: 1.28334
higgsino_180_800: 1.28025
higgsino_180_900: 1.28416
higgsino_200_1000: 1.28055
higgsino_200_1100: 1.27932
higgsino_200_1200: 1.28388
higgsino_200_300: 1.27753
higgsino_200_400: 1.27645
higgsino_200_500: 1.27562
higgsino_200_600: 1.27521
higgsino_200_700: 1.28178
higgsino_200_800: 1.27636
higgsino_200_900: 1.27436
higgsino_220_1000: 1.26719
higgsino_220_1100: 1.26584
higgsino_220_1200: 1.26421
higgsino_220_300: 1.27074
higgsino_220_400: 1.27152
higgsino_220_500: 1.26708
higgsino_220_600: 1.27169
higgsino_220_700: 1.27188
higgsino_220_800: 1.26597
higgsino_220_900: 1.26632
higgsino_240_1000: 1.27108
higgsino_240_1100: 1.26238
higgsino_240_1200: 1.27197
higgsino_240_300: 1.27115
higgsino_240_400: 1.2669
higgsino_240_500: 1.26328
higgsino_240_600: 1.27021
higgsino_240_700: 1.26959
higgsino_240_800: 1.26713
higgsino_240_900: 1.26645
