higgsino_100_1000: 14.7505
higgsino_100_1100: 14.7304
higgsino_100_1200: 14.6803
higgsino_100_300: 16.3
higgsino_100_400: 15.6305
higgsino_100_500: 15.304
higgsino_100_600: 15.112
higgsino_100_700: 14.9712
higgsino_100_800: 14.8809
higgsino_100_900: 14.8006
higgsino_120_1000: 7.63419
higgsino_120_1100: 7.59715
higgsino_120_1200: 7.58612
higgsino_120_300: 8.36389
higgsino_120_400: 8.03534
higgsino_120_500: 7.89267
higgsino_120_600: 7.78811
higgsino_120_700: 7.73157
higgsino_120_800: 7.67935
higgsino_120_900: 7.66225
higgsino_140_1000: 4.37509
higgsino_140_1100: 4.37307
higgsino_140_1200: 4.35905
higgsino_140_300: 4.78359
higgsino_140_400: 4.61168
higgsino_140_500: 4.52525
higgsino_140_600: 4.46282
higgsino_140_700: 4.43536
higgsino_140_800: 4.40519
higgsino_140_900: 4.39412
higgsino_160_1000: 2.70605
higgsino_160_1100: 2.70303
higgsino_160_1200: 2.69803
higgsino_160_300: 2.96735
higgsino_160_400: 2.84758
higgsino_160_500: 2.7911
higgsino_160_600: 2.76471
higgsino_160_700: 2.74428
higgsino_160_800: 2.71713
higgsino_160_900: 2.72307
higgsino_180_1000: 1.77103
higgsino_180_1100: 1.76202
higgsino_180_1200: 1.76102
higgsino_180_300: 1.93702
higgsino_180_400: 1.85667
higgsino_180_500: 1.82006
higgsino_180_600: 1.79567
higgsino_180_700: 1.78925
higgsino_180_800: 1.77711
higgsino_180_900: 1.77605
higgsino_200_1000: 1.20502
higgsino_200_1100: 1.20001
higgsino_200_1200: 1.20301
higgsino_200_300: 1.3241
higgsino_200_400: 1.26187
higgsino_200_500: 1.23706
higgsino_200_600: 1.22365
higgsino_200_700: 1.21923
higgsino_200_800: 1.21009
higgsino_200_900: 1.20304
higgsino_220_1000: 0.840419
higgsino_220_1100: 0.839011
higgsino_220_1200: 0.836407
higgsino_220_300: 0.935931
higgsino_220_400: 0.888191
higgsino_220_500: 0.865784
higgsino_220_600: 0.861646
higgsino_220_700: 0.854826
higgsino_220_800: 0.847289
higgsino_220_900: 0.845439
higgsino_240_1000: 0.611917
higgsino_240_1100: 0.606709
higgsino_240_1200: 0.609406
higgsino_240_300: 0.682887
higgsino_240_400: 0.642679
higgsino_240_500: 0.627131
higgsino_240_600: 0.621848
higgsino_240_700: 0.617524
higgsino_240_800: 0.613386
higgsino_240_900: 0.611737
