higgsino_100_1000: 1.26227
higgsino_100_1100: 1.26403
higgsino_100_1200: 1.2668
higgsino_100_300: 1.23918
higgsino_100_400: 1.26655
higgsino_100_500: 1.31951
higgsino_100_600: 1.28247
higgsino_100_700: 1.27436
higgsino_100_800: 1.2692
higgsino_100_900: 1.25931
higgsino_120_1000: 1.26296
higgsino_120_1100: 1.2649
higgsino_120_1200: 1.26985
higgsino_120_300: 1.23149
higgsino_120_400: 1.21338
higgsino_120_500: 1.25387
higgsino_120_600: 1.31219
higgsino_120_700: 1.27355
higgsino_120_800: 1.26696
higgsino_120_900: 1.25577
higgsino_140_1000: 1.26174
higgsino_140_1100: 1.26551
higgsino_140_1200: 1.27008
higgsino_140_300: 1.22432
higgsino_140_400: 1.20491
higgsino_140_500: 1.20046
higgsino_140_600: 1.24279
higgsino_140_700: 1.30264
higgsino_140_800: 1.26566
higgsino_140_900: 1.25436
higgsino_160_1000: 1.26176
higgsino_160_1100: 1.26503
higgsino_160_1200: 1.27009
higgsino_160_300: 1.22999
higgsino_160_400: 1.20595
higgsino_160_500: 1.19434
higgsino_160_600: 1.19166
higgsino_160_700: 1.23675
higgsino_160_800: 1.293
higgsino_160_900: 1.25539
higgsino_180_1000: 1.26672
higgsino_180_1100: 1.26571
higgsino_180_1200: 1.27051
higgsino_180_300: 1.23394
higgsino_180_400: 1.20559
higgsino_180_500: 1.19473
higgsino_180_600: 1.18404
higgsino_180_700: 1.1838
higgsino_180_800: 1.23213
higgsino_180_900: 1.29559
higgsino_200_1000: 1.29193
higgsino_200_1100: 1.27308
higgsino_200_1200: 1.27417
higgsino_200_300: 1.22556
higgsino_200_400: 1.20768
higgsino_200_500: 1.1954
higgsino_200_600: 1.18446
higgsino_200_700: 1.17771
higgsino_200_800: 1.17918
higgsino_200_900: 1.22807
higgsino_220_1000: 1.22516
higgsino_220_1100: 1.29485
higgsino_220_1200: 1.28357
higgsino_220_300: 1.22598
higgsino_220_400: 1.20901
higgsino_220_500: 1.19402
higgsino_220_600: 1.18764
higgsino_220_700: 1.17807
higgsino_220_800: 1.1697
higgsino_220_900: 1.17122
higgsino_240_1000: 1.17636
higgsino_240_1100: 1.22827
higgsino_240_1200: 1.30381
higgsino_240_300: 1.23101
higgsino_240_400: 1.20911
higgsino_240_500: 1.19511
higgsino_240_600: 1.1877
higgsino_240_700: 1.17986
higgsino_240_800: 1.17387
higgsino_240_900: 1.16073
