higgsino_100_1000: 0.00927658
higgsino_100_1100: 0.00886285
higgsino_100_1200: 0.00890106
higgsino_100_300: 0.0106758
higgsino_100_400: 0.00974262
higgsino_100_500: 0.0093213
higgsino_100_600: 0.00929586
higgsino_100_700: 0.00927902
higgsino_100_800: 0.00947508
higgsino_100_900: 0.00922611
higgsino_120_1000: 0.00894808
higgsino_120_1100: 0.00809866
higgsino_120_1200: 0.00819547
higgsino_120_300: 0.00910037
higgsino_120_400: 0.00882277
higgsino_120_500: 0.00810729
higgsino_120_600: 0.00807145
higgsino_120_700: 0.00800176
higgsino_120_800: 0.00861969
higgsino_120_900: 0.00776816
higgsino_140_1000: 0.0068345
higgsino_140_1100: 0.00744217
higgsino_140_1200: 0.00927092
higgsino_140_300: 0.0115498
higgsino_140_400: 0.00930695
higgsino_140_500: 0.00812883
higgsino_140_600: 0.00771193
higgsino_140_700: 0.00756608
higgsino_140_800: 0.00744515
higgsino_140_900: 0.00696707
higgsino_160_1000: 0.006783
higgsino_160_1100: 0.00738486
higgsino_160_1200: 0.00659222
higgsino_160_300: 0.00982337
higgsino_160_400: 0.00924644
higgsino_160_500: 0.00875059
higgsino_160_600: 0.00877253
higgsino_160_700: 0.00730089
higgsino_160_800: 0.00743076
higgsino_160_900: 0.00709601
higgsino_180_1000: 0.00782053
higgsino_180_1100: 0.00652921
higgsino_180_1200: 0.00696802
higgsino_180_300: 0.00862143
higgsino_180_400: 0.00967194
higgsino_180_500: 0.00894005
higgsino_180_600: 0.00907961
higgsino_180_700: 0.00676459
higgsino_180_800: 0.0078894
higgsino_180_900: 0.0076827
higgsino_200_1000: 0.00709907
higgsino_200_1100: 0.00728634
higgsino_200_1200: 0.00709926
higgsino_200_300: 0.0132881
higgsino_200_400: 0.0105093
higgsino_200_500: 0.0111064
higgsino_200_600: 0.0074192
higgsino_200_700: 0.00904555
higgsino_200_800: 0.00711612
higgsino_200_900: 0.00766035
higgsino_220_1000: 0.00756589
higgsino_220_1100: 0.00690573
higgsino_220_1200: 0.0085403
higgsino_220_300: 0.0149423
higgsino_220_400: 0.0114355
higgsino_220_500: 0.0107558
higgsino_220_600: 0.00805916
higgsino_220_700: 0.00747226
higgsino_220_800: 0.00789101
higgsino_220_900: 0.00840183
higgsino_240_1000: 0.00760002
higgsino_240_1100: 0.00754913
higgsino_240_1200: 0.00841207
higgsino_240_300: 0.0114943
higgsino_240_400: 0.0128665
higgsino_240_500: 0.0107245
higgsino_240_600: 0.0102162
higgsino_240_700: 0.00819579
higgsino_240_800: 0.0079536
higgsino_240_900: 0.00773364
