 =================================================
 final state = nn
 ---------- 
 cm energy   =   13000.00
 ---------- 
 tan_beta =      9.39976
 ---------- 
 m_gluino =  10548.94810
 m_neut1  =    196.98268
 m_neut2  =   -211.60603
 m_neut3  =    403.32618
 m_neut4  =    873.21931
 m_char1  =    204.88759
 m_char2  =    873.20792
 ---------- 
 m_sdl    =  10303.84270
 m_sdr    =  10303.71810
 m_sul    =  10303.56220
 m_sur    =  10303.62450
 m_sq8    =  10303.68688
 m_sq10   =  10303.70562
 m_sb1    =  10303.55230
 m_sb2    =  10304.00890
 A_b      =    100.00000
 sin(2b)  =      0.00000
 cos(2b)  =      0.00000
 m_st1    =  10186.50520
 m_st2    =  10306.17260
 A_t      =    100.00000
 sin(2t)  =      0.00000
 cos(2t)  =      0.00000
 ---------- 
 m_sel    =  10000.09630
 m_ser    =  10000.09630
 m_sne    =   9999.80734
 m_stau1  =   9999.91057
 m_stau2  =  10000.28240
 m_sntau  =   9999.80734
 A_l      =    251.73726
 sin(2l)  =      0.00000
 cos(2l)  =      0.00000
 ---------- 
 m_ha     =  10000.00000
 m_hl     =    126.57079
 m_hh     =  10000.05060
 m_hc     =  10000.76920
 sin(alp) =     -0.10581
 cos(alp) =      0.99439
 ---------- 
 Z_bw     =  0.167110  -0.086263   0.709730  -0.678908   0.000000   0.000000   0.000000   0.000000
             0.046374  -0.045321  -0.698316  -0.712847   0.000000   0.000000   0.000000   0.000000
             0.984805   0.025993  -0.087253   0.147888   0.000000   0.000000   0.000000   0.000000
             0.009127  -0.994902  -0.032006   0.095201   0.000000   0.000000   0.000000   0.000000
 ---------- 
 U        = -0.045098   0.998983
             0.998983   0.045098
 ---------- 
 V        = -0.134450   0.990920
             0.990920   0.134450
 ---------- 
 F (st)   =  0.038656   0.999253
            -0.999253   0.038656
 ---------- 
 F (sb)   =  0.602912   0.797808
            -0.797808   0.602912
 ---------- 
 F (sl)   =  0.707130   0.707084
            -0.707084   0.707130
 ---------- 
          flags : 
 isq_ng   =  1
 ipart1   =  2
 ipart2   =  7
 isquark1 =  0
 isquark2 =  0
 icoll    =  1
 isca     =  0
 imx      =  0
 ---------- 
 numerical cuts : 
 all integrals :     0.00000001
 slicing       :     0.00001000
 subtraction   :     0.00010000
 small width   :     0.01000000
