 =================================================
 final state = nn
 ---------- 
 cm energy   =   13000.00
 ---------- 
 tan_beta =      9.40230
 ---------- 
 m_gluino =  10548.94560
 m_neut1  =    223.63440
 m_neut2  =   -231.16857
 m_neut3  =    697.62065
 m_neut4  =   1498.98681
 m_char1  =    227.48734
 m_char2  =   1498.98478
 ---------- 
 m_sdl    =  10303.84150
 m_sdr    =  10303.71690
 m_sul    =  10303.56100
 m_sur    =  10303.62300
 m_sq8    =  10303.68560
 m_sq10   =  10303.70437
 m_sb1    =  10303.53100
 m_sb2    =  10304.02790
 A_b      =    100.00000
 sin(2b)  =      0.00000
 cos(2b)  =      0.00000
 m_st1    =  10187.09550
 m_st2    =  10306.73270
 A_t      =    100.00000
 sin(2t)  =      0.00000
 cos(2t)  =      0.00000
 ---------- 
 m_sel    =  10000.09610
 m_ser    =  10000.09680
 m_sne    =   9999.80707
 m_stau1  =   9999.89423
 m_stau2  =  10000.29900
 m_sntau  =   9999.80707
 A_l      =    251.73726
 sin(2l)  =      0.00000
 cos(2l)  =      0.00000
 ---------- 
 m_ha     =  10000.00000
 m_hl     =    126.05797
 m_hh     =  10000.04980
 m_hc     =  10000.77260
 sin(alp) =     -0.10579
 cos(alp) =      0.99439
 ---------- 
 Z_bw     =  0.072713  -0.046524   0.711124  -0.697747   0.000000   0.000000   0.000000   0.000000
             0.030410  -0.028178  -0.702278  -0.710695   0.000000   0.000000   0.000000   0.000000
             0.996885   0.007256  -0.030406   0.072414   0.000000   0.000000   0.000000   0.000000
             0.002999  -0.998493  -0.013536   0.053094   0.000000   0.000000   0.000000   0.000000
 ---------- 
 U        = -0.019115   0.999817
             0.999817   0.019115
 ---------- 
 V        = -0.075052   0.997180
             0.997180   0.075052
 ---------- 
 F (st)   =  0.039056   0.999237
            -0.999237   0.039056
 ---------- 
 F (sb)   =  0.612047   0.790821
            -0.790821   0.612047
 ---------- 
 F (sl)   =  0.707670   0.706543
            -0.706543   0.707670
 ---------- 
          flags : 
 isq_ng   =  1
 ipart1   =  1
 ipart2   =  1
 isquark1 =  0
 isquark2 =  0
 icoll    =  1
 isca     =  0
 imx      =  0
 ---------- 
 numerical cuts : 
 all integrals :     0.00000001
 slicing       :     0.00001000
 subtraction   :     0.00010000
 small width   :     0.01000000
