 =================================================
 final state = nn
 ---------- 
 cm energy   =   13000.00
 ---------- 
 tan_beta =      9.40144
 ---------- 
 m_gluino =  10548.94810
 m_neut1  =    119.87936
 m_neut2  =   -128.16762
 m_neut3  =    598.66304
 m_neut4  =   1291.41247
 m_char1  =    123.96421
 m_char2  =   1291.40971
 ---------- 
 m_sdl    =  10303.84300
 m_sdr    =  10303.71810
 m_sul    =  10303.56190
 m_sur    =  10303.62420
 m_sq8    =  10303.68680
 m_sq10   =  10303.70560
 m_sb1    =  10303.63090
 m_sb2    =  10303.93070
 A_b      =    100.00000
 sin(2b)  =      0.00000
 cos(2b)  =      0.00000
 m_st1    =  10186.90100
 m_st2    =  10306.60510
 A_t      =    100.00000
 sin(2t)  =      0.00000
 cos(2t)  =      0.00000
 ---------- 
 m_sel    =  10000.09650
 m_ser    =  10000.09670
 m_sne    =   9999.80686
 m_stau1  =   9999.97639
 m_stau2  =  10000.21700
 m_sntau  =   9999.80686
 A_l      =    251.73726
 sin(2l)  =      0.00000
 cos(2l)  =      0.00000
 ---------- 
 m_ha     =  10000.00000
 m_hl     =    126.25139
 m_hh     =  10000.05070
 m_hc     =  10000.77100
 sin(alp) =     -0.10580
 cos(alp) =      0.99439
 ---------- 
 Z_bw     =  0.071447  -0.050363   0.717063  -0.691506   0.000000   0.000000   0.000000   0.000000
             0.039228  -0.034706  -0.696491  -0.715651   0.000000   0.000000   0.000000   0.000000
             0.996665   0.008905  -0.023942   0.077501   0.000000   0.000000   0.000000   0.000000
             0.003923  -0.998088  -0.012178   0.060470   0.000000   0.000000   0.000000   0.000000
 ---------- 
 U        = -0.017181   0.999852
             0.999852   0.017181
 ---------- 
 V        = -0.085472   0.996341
             0.996341   0.085472
 ---------- 
 F (st)   =  0.038477   0.999259
            -0.999259   0.038477
 ---------- 
 F (sb)   =  0.540103   0.841599
            -0.841599   0.540103
 ---------- 
 F (sl)   =  0.707439   0.706774
            -0.706774   0.707439
 ---------- 
          flags : 
 isq_ng   =  1
 ipart1   =  2
 ipart2   =  8
 isquark1 =  0
 isquark2 =  0
 icoll    =  1
 isca     =  0
 imx      =  0
 ---------- 
 numerical cuts : 
 all integrals :     0.00000001
 slicing       :     0.00001000
 subtraction   :     0.00010000
 small width   :     0.01000000
