 =================================================
 final state = nn
 ---------- 
 cm energy   =   13000.00
 ---------- 
 tan_beta =      9.40279
 ---------- 
 m_gluino =  10548.94630
 m_neut1  =    121.43399
 m_neut2  =   -127.59908
 m_neut3  =    796.38642
 m_neut4  =   1706.79990
 m_char1  =    124.45214
 m_char2  =   1706.79871
 ---------- 
 m_sdl    =  10303.84220
 m_sdr    =  10303.71720
 m_sul    =  10303.56100
 m_sur    =  10303.62320
 m_sq8    =  10303.68590
 m_sq10   =  10303.70471
 m_sb1    =  10303.63000
 m_sb2    =  10303.92990
 A_b      =    100.00000
 sin(2b)  =      0.00000
 cos(2b)  =      0.00000
 m_st1    =  10187.22180
 m_st2    =  10307.09450
 A_t      =    100.00000
 sin(2t)  =      0.00000
 cos(2t)  =      0.00000
 ---------- 
 m_sel    =  10000.09640
 m_ser    =  10000.09690
 m_sne    =   9999.80667
 m_stau1  =   9999.97647
 m_stau2  =  10000.21720
 m_sntau  =   9999.80667
 A_l      =    251.73726
 sin(2l)  =      0.00000
 cos(2l)  =      0.00000
 ---------- 
 m_ha     =  10000.00000
 m_hl     =    125.98488
 m_hh     =  10000.05050
 m_hc     =  10000.77300
 sin(alp) =     -0.10578
 cos(alp) =      0.99439
 ---------- 
 Z_bw     =  0.050870  -0.037383   0.714892  -0.696379   0.000000   0.000000   0.000000   0.000000
             0.030738  -0.026744  -0.699029  -0.713932   0.000000   0.000000   0.000000   0.000000
             0.998230   0.004977  -0.014888   0.057369   0.000000   0.000000   0.000000   0.000000
             0.002247  -0.998931  -0.008112   0.045460   0.000000   0.000000   0.000000   0.000000
 ---------- 
 U        = -0.011456   0.999934
             0.999934   0.011456
 ---------- 
 V        = -0.064270   0.997933
             0.997933   0.064270
 ---------- 
 F (st)   =  0.038630   0.999254
            -0.999254   0.038630
 ---------- 
 F (sb)   =  0.540082   0.841612
            -0.841612   0.540082
 ---------- 
 F (sl)   =  0.707878   0.706335
            -0.706335   0.707878
 ---------- 
          flags : 
 isq_ng   =  1
 ipart1   =  4
 ipart2   =  7
 isquark1 =  0
 isquark2 =  0
 icoll    =  1
 isca     =  0
 imx      =  0
 ---------- 
 numerical cuts : 
 all integrals :     0.00000001
 slicing       :     0.00001000
 subtraction   :     0.00010000
 small width   :     0.01000000
