 =================================================
 final state = nn
 ---------- 
 cm energy   =   13000.00
 ---------- 
 tan_beta =      9.40464
 ---------- 
 m_gluino =  10548.94040
 m_neut1  =    185.05776
 m_neut2  =   -189.20952
 m_neut3  =   1192.86304
 m_neut4  =   2530.13635
 m_char1  =    187.10163
 m_char2  =   2530.13597
 ---------- 
 m_sdl    =  10303.83910
 m_sdr    =  10303.71430
 m_sul    =  10303.55810
 m_sur    =  10303.61990
 m_sq8    =  10303.68285
 m_sq10   =  10303.70167
 m_sb1    =  10303.56850
 m_sb2    =  10303.98540
 A_b      =    100.00000
 sin(2b)  =      0.00000
 cos(2b)  =      0.00000
 m_st1    =  10187.68760
 m_st2    =  10308.44360
 A_t      =    100.00000
 sin(2t)  =      0.00000
 cos(2t)  =      0.00000
 ---------- 
 m_sel    =  10000.09610
 m_ser    =  10000.09730
 m_sne    =   9999.80662
 m_stau1  =   9999.92722
 m_stau2  =  10000.26650
 m_sntau  =   9999.80662
 A_l      =    251.73726
 sin(2l)  =      0.00000
 cos(2l)  =      0.00000
 ---------- 
 m_ha     =  10000.00000
 m_hl     =    125.58725
 m_hh     =  10000.04970
 m_hc     =  10000.77380
 sin(alp) =     -0.10576
 cos(alp) =      0.99439
 ---------- 
 Z_bw     =  0.034294  -0.025409   0.710604  -0.702297   0.000000   0.000000   0.000000   0.000000
             0.020417  -0.017896  -0.703500  -0.710177   0.000000   0.000000   0.000000   0.000000
             0.999203   0.002273  -0.010008   0.038583   0.000000   0.000000   0.000000   0.000000
             0.001035  -0.999514  -0.005492   0.030657   0.000000   0.000000   0.000000   0.000000
 ---------- 
 U        = -0.007761   0.999970
             0.999970   0.007761
 ---------- 
 V        = -0.043349   0.999060
             0.999060   0.043349
 ---------- 
 F (st)   =  0.039064   0.999237
            -0.999237   0.039064
 ---------- 
 F (sb)   =  0.591910   0.806004
            -0.806004   0.591910
 ---------- 
 F (sl)   =  0.708280   0.705932
            -0.705932   0.708280
 ---------- 
          flags : 
 isq_ng   =  1
 ipart1   =  2
 ipart2   =  8
 isquark1 =  0
 isquark2 =  0
 icoll    =  1
 isca     =  0
 imx      =  0
 ---------- 
 numerical cuts : 
 all integrals :     0.00000001
 slicing       :     0.00001000
 subtraction   :     0.00010000
 small width   :     0.01000000
