 =================================================
 final state = nn
 ---------- 
 cm energy   =   13000.00
 ---------- 
 tan_beta =      9.40430
 ---------- 
 m_gluino =  10548.94100
 m_neut1  =    246.64048
 m_neut2  =   -251.27485
 m_neut3  =   1093.65686
 m_neut4  =   2324.74031
 m_char1  =    248.95771
 m_char2  =   2324.73979
 ---------- 
 m_sdl    =  10303.83920
 m_sdr    =  10303.71460
 m_sul    =  10303.55860
 m_sur    =  10303.62030
 m_sq8    =  10303.68318
 m_sq10   =  10303.70198
 m_sb1    =  10303.50850
 m_sb2    =  10304.04590
 A_b      =    100.00000
 sin(2b)  =      0.00000
 cos(2b)  =      0.00000
 m_st1    =  10187.59720
 m_st2    =  10307.98360
 A_t      =    100.00000
 sin(2t)  =      0.00000
 cos(2t)  =      0.00000
 ---------- 
 m_sel    =  10000.09600
 m_ser    =  10000.09720
 m_sne    =   9999.80683
 m_stau1  =   9999.87788
 m_stau2  =  10000.31560
 m_sntau  =   9999.80683
 A_l      =    251.73726
 sin(2l)  =      0.00000
 cos(2l)  =      0.00000
 ---------- 
 m_ha     =  10000.00000
 m_hl     =    125.64408
 m_hh     =  10000.04930
 m_hc     =  10000.77280
 sin(alp) =     -0.10576
 cos(alp) =      0.99439
 ---------- 
 Z_bw     =  0.040822  -0.028674   0.709820  -0.702614   0.000000   0.000000   0.000000   0.000000
             0.020948  -0.018860  -0.704203  -0.709439   0.000000   0.000000   0.000000   0.000000
             0.998946   0.002806  -0.014231   0.043548   0.000000   0.000000   0.000000   0.000000
             0.001238  -0.999407  -0.007116   0.033669   0.000000   0.000000   0.000000   0.000000
 ---------- 
 U        = -0.010057   0.999949
             0.999949   0.010057
 ---------- 
 V        = -0.047606   0.998866
             0.998866   0.047606
 ---------- 
 F (st)   =  0.039339   0.999226
            -0.999226   0.039339
 ---------- 
 F (sb)   =  0.619730   0.784815
            -0.784815   0.619730
 ---------- 
 F (sl)   =  0.708036   0.706176
            -0.706176   0.708036
 ---------- 
          flags : 
 isq_ng   =  1
 ipart1   =  2
 ipart2   =  7
 isquark1 =  0
 isquark2 =  0
 icoll    =  1
 isca     =  0
 imx      =  0
 ---------- 
 numerical cuts : 
 all integrals :     0.00000001
 slicing       :     0.00001000
 subtraction   :     0.00010000
 small width   :     0.01000000
