 =================================================
 final state = nn
 ---------- 
 cm energy   =   13000.00
 ---------- 
 tan_beta =      9.40424
 ---------- 
 m_gluino =  10548.94240
 m_neut1  =    143.38358
 m_neut2  =   -147.87272
 m_neut3  =   1093.68530
 m_neut4  =   2325.22082
 m_char1  =    145.57980
 m_char2  =   2325.22034
 ---------- 
 m_sdl    =  10303.84020
 m_sdr    =  10303.71530
 m_sul    =  10303.55900
 m_sur    =  10303.62100
 m_sq8    =  10303.68387
 m_sq10   =  10303.70270
 m_sb1    =  10303.60890
 m_sb2    =  10303.94710
 A_b      =    100.00000
 sin(2b)  =      0.00000
 cos(2b)  =      0.00000
 m_st1    =  10187.58450
 m_st2    =  10308.07250
 A_t      =    100.00000
 sin(2t)  =      0.00000
 cos(2t)  =      0.00000
 ---------- 
 m_sel    =  10000.09630
 m_ser    =  10000.09720
 m_sne    =   9999.80654
 m_stau1  =   9999.96010
 m_stau2  =  10000.23370
 m_sntau  =   9999.80654
 A_l      =    251.73726
 sin(2l)  =      0.00000
 cos(2l)  =      0.00000
 ---------- 
 m_ha     =  10000.00000
 m_hl     =    125.68276
 m_hh     =  10000.05010
 m_hc     =  10000.77440
 sin(alp) =     -0.10576
 cos(alp) =      0.99439
 ---------- 
 Z_bw     =  0.036297  -0.027273   0.712058  -0.700651   0.000000   0.000000   0.000000   0.000000
             0.022779  -0.019735  -0.702029  -0.711510   0.000000   0.000000   0.000000   0.000000
             0.999081   0.002659  -0.009856   0.041637   0.000000   0.000000   0.000000   0.000000
             0.001218  -0.999430  -0.005595   0.033280   0.000000   0.000000   0.000000   0.000000
 ---------- 
 U        = -0.007906   0.999969
             0.999969   0.007906
 ---------- 
 V        = -0.047057   0.998892
             0.998892   0.047057
 ---------- 
 F (st)   =  0.038854   0.999245
            -0.999245   0.038854
 ---------- 
 F (sb)   =  0.561601   0.827408
            -0.827408   0.561601
 ---------- 
 F (sl)   =  0.708306   0.705906
            -0.705906   0.708306
 ---------- 
          flags : 
 isq_ng   =  1
 ipart1   =  3
 ipart2   =  7
 isquark1 =  0
 isquark2 =  0
 icoll    =  1
 isca     =  0
 imx      =  0
 ---------- 
 numerical cuts : 
 all integrals :     0.00000001
 slicing       :     0.00001000
 subtraction   :     0.00010000
 small width   :     0.01000000
