 =================================================
 final state = nn
 ---------- 
 cm energy   =   13000.00
 ---------- 
 tan_beta =      9.39989
 ---------- 
 m_gluino =  10548.94770
 m_neut1  =    236.45009
 m_neut2  =   -252.69662
 m_neut3  =    404.55076
 m_neut4  =    873.23279
 m_char1  =    245.71430
 m_char2  =    873.22001
 ---------- 
 m_sdl    =  10303.84240
 m_sdr    =  10303.71780
 m_sul    =  10303.56210
 m_sur    =  10303.62430
 m_sq8    =  10303.68665
 m_sq10   =  10303.70540
 m_sb1    =  10303.51180
 m_sb2    =  10304.04900
 A_b      =    100.00000
 sin(2b)  =      0.00000
 cos(2b)  =      0.00000
 m_st1    =  10186.53650
 m_st2    =  10306.16030
 A_t      =    100.00000
 sin(2t)  =      0.00000
 cos(2t)  =      0.00000
 ---------- 
 m_sel    =  10000.09630
 m_ser    =  10000.09630
 m_sne    =   9999.80740
 m_stau1  =   9999.87773
 m_stau2  =  10000.31520
 m_sntau  =   9999.80740
 A_l      =    251.73726
 sin(2l)  =      0.00000
 cos(2l)  =      0.00000
 ---------- 
 m_ha     =  10000.00000
 m_hl     =    126.54545
 m_hh     =  10000.05040
 m_hc     =  10000.76970
 sin(alp) =     -0.10581
 cos(alp) =      0.99439
 ---------- 
 Z_bw     =  0.206956  -0.090995   0.703440  -0.673840   0.000000   0.000000   0.000000   0.000000
             0.043345  -0.043555  -0.699970  -0.711524   0.000000   0.000000   0.000000   0.000000
             0.977344   0.030820  -0.117551   0.173294   0.000000   0.000000   0.000000   0.000000
             0.009455  -0.994421  -0.037354   0.098195   0.000000   0.000000   0.000000   0.000000
 ---------- 
 U        = -0.052642   0.998613
             0.998613   0.052642
 ---------- 
 V        = -0.138661   0.990340
             0.990340   0.138661
 ---------- 
 F (st)   =  0.038852   0.999245
            -0.999245   0.038852
 ---------- 
 F (sb)   =  0.619714   0.784828
            -0.784828   0.619714
 ---------- 
 F (sl)   =  0.707185   0.707029
            -0.707029   0.707185
 ---------- 
          flags : 
 isq_ng   =  1
 ipart1   =  2
 ipart2   =  4
 isquark1 =  0
 isquark2 =  0
 icoll    =  1
 isca     =  0
 imx      =  0
 ---------- 
 numerical cuts : 
 all integrals :     0.00000001
 slicing       :     0.00001000
 subtraction   :     0.00010000
 small width   :     0.01000000
