 =================================================
 final state = nn
 ---------- 
 cm energy   =   13000.00
 ---------- 
 tan_beta =      9.40227
 ---------- 
 m_gluino =  10548.94580
 m_neut1  =    203.12592
 m_neut2  =   -210.54605
 m_neut3  =    697.57301
 m_neut4  =   1499.06621
 m_char1  =    206.88794
 m_char2  =   1499.06425
 ---------- 
 m_sdl    =  10303.84170
 m_sdr    =  10303.71700
 m_sul    =  10303.56100
 m_sur    =  10303.62310
 m_sq8    =  10303.68570
 m_sq10   =  10303.70447
 m_sb1    =  10303.55120
 m_sb2    =  10304.00790
 A_b      =    100.00000
 sin(2b)  =      0.00000
 cos(2b)  =      0.00000
 m_st1    =  10187.08870
 m_st2    =  10306.74440
 A_t      =    100.00000
 sin(2t)  =      0.00000
 cos(2t)  =      0.00000
 ---------- 
 m_sel    =  10000.09620
 m_ser    =  10000.09680
 m_sne    =   9999.80702
 m_stau1  =   9999.91067
 m_stau2  =  10000.28260
 m_sntau  =   9999.80702
 A_l      =    251.73726
 sin(2l)  =      0.00000
 cos(2l)  =      0.00000
 ---------- 
 m_ha     =  10000.00000
 m_hl     =    126.06655
 m_hh     =  10000.04990
 m_hc     =  10000.77250
 sin(alp) =     -0.10579
 cos(alp) =      0.99439
 ---------- 
 Z_bw     =  0.069652  -0.045775   0.711760  -0.697461   0.000000   0.000000   0.000000   0.000000
             0.031127  -0.028545  -0.701758  -0.711163   0.000000   0.000000   0.000000   0.000000
             0.997081   0.007071  -0.027775   0.070766   0.000000   0.000000   0.000000   0.000000
             0.002978  -0.998519  -0.012765   0.052805   0.000000   0.000000   0.000000   0.000000
 ---------- 
 U        = -0.018024   0.999838
             0.999838   0.018024
 ---------- 
 V        = -0.074645   0.997210
             0.997210   0.074645
 ---------- 
 F (st)   =  0.038959   0.999241
            -0.999241   0.038959
 ---------- 
 F (sb)   =  0.602923   0.797800
            -0.797800   0.602923
 ---------- 
 F (sl)   =  0.707684   0.706529
            -0.706529   0.707684
 ---------- 
          flags : 
 isq_ng   =  1
 ipart1   =  5
 ipart2   =  7
 isquark1 =  0
 isquark2 =  0
 icoll    =  1
 isca     =  0
 imx      =  0
 ---------- 
 numerical cuts : 
 all integrals :     0.00000001
 slicing       :     0.00001000
 subtraction   :     0.00010000
 small width   :     0.01000000
