 =================================================
 final state = nn
 ---------- 
 cm energy   =   13000.00
 ---------- 
 tan_beta =      9.39952
 ---------- 
 m_gluino =  10548.94950
 m_neut1  =    116.48942
 m_neut2  =   -129.23297
 m_neut3  =    402.06320
 m_neut4  =    873.32161
 m_char1  =    122.86061
 m_char2  =    873.31244
 ---------- 
 m_sdl    =  10303.84350
 m_sdr    =  10303.71870
 m_sul    =  10303.56270
 m_sur    =  10303.62520
 m_sq8    =  10303.68752
 m_sq10   =  10303.70629
 m_sb1    =  10303.63150
 m_sb2    =  10303.93120
 A_b      =    100.00000
 sin(2b)  =      0.00000
 cos(2b)  =      0.00000
 m_st1    =  10186.45770
 m_st2    =  10306.24400
 A_t      =    100.00000
 sin(2t)  =      0.00000
 cos(2t)  =      0.00000
 ---------- 
 m_sel    =  10000.09650
 m_ser    =  10000.09630
 m_sne    =   9999.80712
 m_stau1  =   9999.97629
 m_stau2  =  10000.21690
 m_sntau  =   9999.80712
 A_l      =    251.73726
 sin(2l)  =      0.00000
 cos(2l)  =      0.00000
 ---------- 
 m_ha     =  10000.00000
 m_hl     =    126.62708
 m_hh     =  10000.05120
 m_hc     =  10000.76840
 sin(alp) =     -0.10582
 cos(alp) =      0.99439
 ---------- 
 Z_bw     =  0.119141  -0.077126   0.720268  -0.679022   0.000000   0.000000   0.000000   0.000000
             0.054157  -0.049575  -0.691631  -0.718510   0.000000   0.000000   0.000000   0.000000
             0.991362   0.020647  -0.048584   0.120064   0.000000   0.000000   0.000000   0.000000
             0.008633  -0.995574  -0.022366   0.090872   0.000000   0.000000   0.000000   0.000000
 ---------- 
 U        = -0.031492   0.999504
             0.999504   0.031492
 ---------- 
 V        = -0.128363   0.991727
             0.991727   0.128363
 ---------- 
 F (st)   =  0.038255   0.999268
            -0.999268   0.038255
 ---------- 
 F (sb)   =  0.540120   0.841588
            -0.841588   0.540120
 ---------- 
 F (sl)   =  0.706821   0.707392
            -0.707392   0.706821
 ---------- 
          flags : 
 isq_ng   =  1
 ipart1   =  1
 ipart2   =  8
 isquark1 =  0
 isquark2 =  0
 icoll    =  1
 isca     =  0
 imx      =  0
 ---------- 
 numerical cuts : 
 all integrals :     0.00000001
 slicing       :     0.00001000
 subtraction   :     0.00010000
 small width   :     0.01000000
