 =================================================
 final state = nn
 ---------- 
 cm energy   =   13000.00
 ---------- 
 tan_beta =      9.40467
 ---------- 
 m_gluino =  10548.93960
 m_neut1  =    246.97658
 m_neut2  =   -251.20238
 m_neut3  =   1192.83805
 m_neut4  =   2529.86337
 m_char1  =    249.08114
 m_char2  =   2529.86296
 ---------- 
 m_sdl    =  10303.83860
 m_sdr    =  10303.71390
 m_sul    =  10303.55790
 m_sur    =  10303.61960
 m_sq8    =  10303.68250
 m_sq10   =  10303.70130
 m_sb1    =  10303.50780
 m_sb2    =  10304.04520
 A_b      =    100.00000
 sin(2b)  =      0.00000
 cos(2b)  =      0.00000
 m_st1    =  10187.69670
 m_st2    =  10308.40030
 A_t      =    100.00000
 sin(2t)  =      0.00000
 cos(2t)  =      0.00000
 ---------- 
 m_sel    =  10000.09600
 m_ser    =  10000.09720
 m_sne    =   9999.80677
 m_stau1  =   9999.87789
 m_stau2  =  10000.31560
 m_sntau  =   9999.80677
 A_l      =    251.73726
 sin(2l)  =      0.00000
 cos(2l)  =      0.00000
 ---------- 
 m_ha     =  10000.00000
 m_hl     =    125.56697
 m_hh     =  10000.04920
 m_hc     =  10000.77230
 sin(alp) =     -0.10576
 cos(alp) =      0.99439
 ---------- 
 Z_bw     =  0.036577  -0.026114   0.709640  -0.703129   0.000000   0.000000   0.000000   0.000000
             0.019508  -0.017463  -0.704430  -0.709290   0.000000   0.000000   0.000000   0.000000
             0.999140   0.002342  -0.012218   0.039557   0.000000   0.000000   0.000000   0.000000
             0.001044  -0.999504  -0.006262   0.030856   0.000000   0.000000   0.000000   0.000000
 ---------- 
 U        = -0.008850   0.999961
             0.999961   0.008850
 ---------- 
 V        = -0.043630   0.999048
             0.999048   0.043630
 ---------- 
 F (st)   =  0.039352   0.999225
            -0.999225   0.039352
 ---------- 
 F (sb)   =  0.619728   0.784817
            -0.784817   0.619728
 ---------- 
 F (sl)   =  0.708110   0.706103
            -0.706103   0.708110
 ---------- 
          flags : 
 isq_ng   =  1
 ipart1   =  1
 ipart2   =  3
 isquark1 =  0
 isquark2 =  0
 icoll    =  1
 isca     =  0
 imx      =  0
 ---------- 
 numerical cuts : 
 all integrals :     0.00000001
 slicing       :     0.00001000
 subtraction   :     0.00010000
 small width   :     0.01000000
