 =================================================
 final state = nn
 ---------- 
 cm energy   =   13000.00
 ---------- 
 tan_beta =      9.39835
 ---------- 
 m_gluino =  10548.94940
 m_neut1  =    151.83503
 m_neut2  =   -171.27817
 m_neut3  =    306.40145
 m_neut4  =    663.66897
 m_char1  =    162.28950
 m_char2  =    663.64374
 ---------- 
 m_sdl    =  10303.84330
 m_sdr    =  10303.71860
 m_sul    =  10303.56280
 m_sur    =  10303.62530
 m_sq8    =  10303.68750
 m_sq10   =  10303.70625
 m_sb1    =  10303.59270
 m_sb2    =  10303.96980
 A_b      =    100.00000
 sin(2b)  =      0.00000
 cos(2b)  =      0.00000
 m_st1    =  10186.18670
 m_st2    =  10306.06820
 A_t      =    100.00000
 sin(2t)  =      0.00000
 cos(2t)  =      0.00000
 ---------- 
 m_sel    =  10000.09650
 m_ser    =  10000.09610
 m_sne    =   9999.80740
 m_stau1  =   9999.94337
 m_stau2  =  10000.24950
 m_sntau  =   9999.80740
 A_l      =    251.73726
 sin(2l)  =      0.00000
 cos(2l)  =      0.00000
 ---------- 
 m_ha     =  10000.00000
 m_hl     =    126.85395
 m_hh     =  10000.05120
 m_hc     =  10000.76720
 sin(alp) =     -0.10583
 cos(alp) =      0.99438
 ---------- 
 Z_bw     =  0.222873  -0.111881   0.710067  -0.658495   0.000000   0.000000   0.000000   0.000000
             0.060499  -0.059574  -0.692631  -0.716277   0.000000   0.000000   0.000000   0.000000
             0.972841   0.045378  -0.118887   0.193357   0.000000   0.000000   0.000000   0.000000
             0.015750  -0.990896  -0.043975   0.126268   0.000000   0.000000   0.000000   0.000000
 ---------- 
 U        = -0.061816   0.998088
             0.998088   0.061816
 ---------- 
 V        = -0.178175   0.983999
             0.983999   0.178175
 ---------- 
 F (st)   =  0.038312   0.999266
            -0.999266   0.038312
 ---------- 
 F (sb)   =  0.578452   0.815717
            -0.815717   0.578452
 ---------- 
 F (sl)   =  0.706682   0.707531
            -0.707531   0.706682
 ---------- 
          flags : 
 isq_ng   =  1
 ipart1   =  4
 ipart2   =  6
 isquark1 =  0
 isquark2 =  0
 icoll    =  1
 isca     =  0
 imx      =  0
 ---------- 
 numerical cuts : 
 all integrals :     0.00000001
 slicing       :     0.00001000
 subtraction   :     0.00010000
 small width   :     0.01000000
