 =================================================
 final state = nn
 ---------- 
 cm energy   =   13000.00
 ---------- 
 tan_beta =      9.40465
 ---------- 
 m_gluino =  10548.94010
 m_neut1  =    205.71905
 m_neut2  =   -209.89375
 m_neut3  =   1192.85437
 m_neut4  =   2530.04100
 m_char1  =    207.78211
 m_char2  =   2530.04061
 ---------- 
 m_sdl    =  10303.83890
 m_sdr    =  10303.71420
 m_sul    =  10303.55800
 m_sur    =  10303.61980
 m_sq8    =  10303.68273
 m_sq10   =  10303.70154
 m_sb1    =  10303.54840
 m_sb2    =  10304.00520
 A_b      =    100.00000
 sin(2b)  =      0.00000
 cos(2b)  =      0.00000
 m_st1    =  10187.68980
 m_st2    =  10308.42630
 A_t      =    100.00000
 sin(2t)  =      0.00000
 cos(2t)  =      0.00000
 ---------- 
 m_sel    =  10000.09610
 m_ser    =  10000.09720
 m_sne    =   9999.80668
 m_stau1  =   9999.91078
 m_stau2  =  10000.28280
 m_sntau  =   9999.80668
 A_l      =    251.73726
 sin(2l)  =      0.00000
 cos(2l)  =      0.00000
 ---------- 
 m_ha     =  10000.00000
 m_hl     =    125.57989
 m_hh     =  10000.04960
 m_hc     =  10000.77340
 sin(alp) =     -0.10576
 cos(alp) =      0.99439
 ---------- 
 Z_bw     =  0.035026  -0.025642   0.710223  -0.702638   0.000000   0.000000   0.000000   0.000000
             0.020102  -0.017747  -0.703872  -0.709820   0.000000   0.000000   0.000000   0.000000
             0.999184   0.002294  -0.010730   0.038879   0.000000   0.000000   0.000000   0.000000
             0.001038  -0.999511  -0.005747   0.030718   0.000000   0.000000   0.000000   0.000000
 ---------- 
 U        = -0.008122   0.999967
             0.999967   0.008122
 ---------- 
 V        = -0.043436   0.999056
             0.999056   0.043436
 ---------- 
 F (st)   =  0.039160   0.999233
            -0.999233   0.039160
 ---------- 
 F (sb)   =  0.602907   0.797811
            -0.797811   0.602907
 ---------- 
 F (sl)   =  0.708218   0.705994
            -0.705994   0.708218
 ---------- 
          flags : 
 isq_ng   =  1
 ipart1   =  5
 ipart2   =  8
 isquark1 =  0
 isquark2 =  0
 icoll    =  1
 isca     =  0
 imx      =  0
 ---------- 
 numerical cuts : 
 all integrals :     0.00000001
 slicing       :     0.00001000
 subtraction   :     0.00010000
 small width   :     0.01000000
