 =================================================
 final state = nn
 ---------- 
 cm energy   =   13000.00
 ---------- 
 tan_beta =      9.40233
 ---------- 
 m_gluino =  10548.94540
 m_neut1  =    244.11274
 m_neut2  =   -251.77322
 m_neut3  =    697.67669
 m_neut4  =   1498.91038
 m_char1  =    248.06609
 m_char2  =   1498.90829
 ---------- 
 m_sdl    =  10303.84140
 m_sdr    =  10303.71680
 m_sul    =  10303.56090
 m_sur    =  10303.62290
 m_sq8    =  10303.68550
 m_sq10   =  10303.70427
 m_sb1    =  10303.51070
 m_sb2    =  10304.04800
 A_b      =    100.00000
 sin(2b)  =      0.00000
 cos(2b)  =      0.00000
 m_st1    =  10187.10350
 m_st2    =  10306.72350
 A_t      =    100.00000
 sin(2t)  =      0.00000
 cos(2t)  =      0.00000
 ---------- 
 m_sel    =  10000.09610
 m_ser    =  10000.09680
 m_sne    =   9999.80711
 m_stau1  =   9999.87780
 m_stau2  =  10000.31540
 m_sntau  =   9999.80711
 A_l      =    251.73726
 sin(2l)  =      0.00000
 cos(2l)  =      0.00000
 ---------- 
 m_ha     =  10000.00000
 m_hl     =    126.04974
 m_hh     =  10000.04960
 m_hc     =  10000.77260
 sin(alp) =     -0.10579
 cos(alp) =      0.99439
 ---------- 
 Z_bw     =  0.076038  -0.047291   0.710555  -0.697920   0.000000   0.000000   0.000000   0.000000
             0.029728  -0.027825  -0.702711  -0.710309   0.000000   0.000000   0.000000   0.000000
             0.996657   0.007464  -0.033207   0.074272   0.000000   0.000000   0.000000   0.000000
             0.003020  -0.998466  -0.014319   0.053406   0.000000   0.000000   0.000000   0.000000
 ---------- 
 U        = -0.020221   0.999796
             0.999796   0.020221
 ---------- 
 V        = -0.075492   0.997146
             0.997146   0.075492
 ---------- 
 F (st)   =  0.039152   0.999233
            -0.999233   0.039152
 ---------- 
 F (sb)   =  0.619735   0.784812
            -0.784812   0.619735
 ---------- 
 F (sl)   =  0.707656   0.706557
            -0.706557   0.707656
 ---------- 
          flags : 
 isq_ng   =  1
 ipart1   =  4
 ipart2   =  5
 isquark1 =  0
 isquark2 =  0
 icoll    =  1
 isca     =  0
 imx      =  0
 ---------- 
 numerical cuts : 
 all integrals :     0.00000001
 slicing       :     0.00001000
 subtraction   :     0.00010000
 small width   :     0.01000000
