 =================================================
 final state = nn
 ---------- 
 cm energy   =   13000.00
 ---------- 
 tan_beta =      9.40285
 ---------- 
 m_gluino =  10548.94520
 m_neut1  =    183.36091
 m_neut2  =   -189.69877
 m_neut3  =    796.42183
 m_neut4  =   1706.49510
 m_char1  =    186.52631
 m_char2  =   1706.49383
 ---------- 
 m_sdl    =  10303.84140
 m_sdr    =  10303.71670
 m_sul    =  10303.56060
 m_sur    =  10303.62260
 m_sq8    =  10303.68533
 m_sq10   =  10303.70412
 m_sb1    =  10303.57090
 m_sb2    =  10303.98770
 A_b      =    100.00000
 sin(2b)  =      0.00000
 cos(2b)  =      0.00000
 m_st1    =  10187.22900
 m_st2    =  10307.01900
 A_t      =    100.00000
 sin(2t)  =      0.00000
 cos(2t)  =      0.00000
 ---------- 
 m_sel    =  10000.09620
 m_ser    =  10000.09690
 m_sne    =   9999.80689
 m_stau1  =   9999.92713
 m_stau2  =  10000.26630
 m_sntau  =   9999.80689
 A_l      =    251.73726
 sin(2l)  =      0.00000
 cos(2l)  =      0.00000
 ---------- 
 m_ha     =  10000.00000
 m_hl     =    125.95368
 m_hh     =  10000.05000
 m_hc     =  10000.77310
 sin(alp) =     -0.10578
 cos(alp) =      0.99439
 ---------- 
 Z_bw     =  0.056190  -0.038995   0.712009  -0.698831   0.000000   0.000000   0.000000   0.000000
             0.028665  -0.025735  -0.701819  -0.711313   0.000000   0.000000   0.000000   0.000000
             0.998006   0.005215  -0.019907   0.059671   0.000000   0.000000   0.000000   0.000000
             0.002278  -0.998894  -0.009818   0.045919   0.000000   0.000000   0.000000   0.000000
 ---------- 
 U        = -0.013867   0.999904
             0.999904   0.013867
 ---------- 
 V        = -0.064917   0.997891
             0.997891   0.064917
 ---------- 
 F (st)   =  0.038929   0.999242
            -0.999242   0.038929
 ---------- 
 F (sb)   =  0.591927   0.805991
            -0.805991   0.591927
 ---------- 
 F (sl)   =  0.707840   0.706373
            -0.706373   0.707840
 ---------- 
          flags : 
 isq_ng   =  1
 ipart1   =  1
 ipart2   =  4
 isquark1 =  0
 isquark2 =  0
 icoll    =  1
 isca     =  0
 imx      =  0
 ---------- 
 numerical cuts : 
 all integrals :     0.00000001
 slicing       :     0.00001000
 subtraction   :     0.00010000
 small width   :     0.01000000
