 =================================================
 final state = nn
 ---------- 
 cm energy   =   13000.00
 ---------- 
 tan_beta =      9.40342
 ---------- 
 m_gluino =  10548.94360
 m_neut1  =    225.14435
 m_neut2  =   -230.84456
 m_neut3  =    895.44657
 m_neut4  =   1913.04845
 m_char1  =    228.00976
 m_char2  =   1913.04751
 ---------- 
 m_sdl    =  10303.84060
 m_sdr    =  10303.71590
 m_sul    =  10303.55990
 m_sur    =  10303.62180
 m_sq8    =  10303.68455
 m_sq10   =  10303.70334
 m_sb1    =  10303.53000
 m_sb2    =  10304.02700
 A_b      =    100.00000
 sin(2b)  =      0.00000
 cos(2b)  =      0.00000
 m_st1    =  10187.36810
 m_st2    =  10307.28630
 A_t      =    100.00000
 sin(2t)  =      0.00000
 cos(2t)  =      0.00000
 ---------- 
 m_sel    =  10000.09610
 m_ser    =  10000.09700
 m_sne    =   9999.80691
 m_stau1  =   9999.89428
 m_stau2  =  10000.29910
 m_sntau  =   9999.80691
 A_l      =    251.73726
 sin(2l)  =      0.00000
 cos(2l)  =      0.00000
 ---------- 
 m_ha     =  10000.00000
 m_hl     =    125.83073
 m_hh     =  10000.04950
 m_hc     =  10000.77340
 sin(alp) =     -0.10577
 cos(alp) =      0.99439
 ---------- 
 Z_bw     =  0.051497  -0.035247   0.710608  -0.700815   0.000000   0.000000   0.000000   0.000000
             0.025042  -0.022699  -0.703272  -0.710117   0.000000   0.000000   0.000000   0.000000
             0.998357   0.004215  -0.018997   0.053886   0.000000   0.000000   0.000000   0.000000
             0.001826  -0.999112  -0.009171   0.041085   0.000000   0.000000   0.000000   0.000000
 ---------- 
 U        = -0.012957   0.999916
             0.999916   0.012957
 ---------- 
 V        = -0.058086   0.998312
             0.998312   0.058086
 ---------- 
 F (st)   =  0.039177   0.999232
            -0.999232   0.039177
 ---------- 
 F (sb)   =  0.612045   0.790823
            -0.790823   0.612045
 ---------- 
 F (sl)   =  0.707899   0.706314
            -0.706314   0.707899
 ---------- 
          flags : 
 isq_ng   =  1
 ipart1   =  1
 ipart2   =  7
 isquark1 =  0
 isquark2 =  0
 icoll    =  1
 isca     =  0
 imx      =  0
 ---------- 
 numerical cuts : 
 all integrals :     0.00000001
 slicing       :     0.00001000
 subtraction   :     0.00010000
 small width   :     0.01000000
