 =================================================
 final state = nn
 ---------- 
 cm energy   =   13000.00
 ---------- 
 tan_beta =      9.39970
 ---------- 
 m_gluino =  10548.94840
 m_neut1  =    177.01670
 m_neut2  =   -191.03799
 m_neut3  =    402.90022
 m_neut4  =    873.22816
 m_char1  =    184.42916
 m_char2  =    873.21739
 ---------- 
 m_sdl    =  10303.84290
 m_sdr    =  10303.71820
 m_sul    =  10303.56230
 m_sur    =  10303.62470
 m_sq8    =  10303.68703
 m_sq10   =  10303.70577
 m_sb1    =  10303.57240
 m_sb2    =  10303.98910
 A_b      =    100.00000
 sin(2b)  =      0.00000
 cos(2b)  =      0.00000
 m_st1    =  10186.49130
 m_st2    =  10306.18320
 A_t      =    100.00000
 sin(2t)  =      0.00000
 cos(2t)  =      0.00000
 ---------- 
 m_sel    =  10000.09640
 m_ser    =  10000.09630
 m_sne    =   9999.80730
 m_stau1  =   9999.92699
 m_stau2  =  10000.26600
 m_sntau  =   9999.80730
 A_l      =    251.73726
 sin(2l)  =      0.00000
 cos(2l)  =      0.00000
 ---------- 
 m_ha     =  10000.00000
 m_hl     =    126.58394
 m_hh     =  10000.05070
 m_hc     =  10000.76900
 sin(alp) =     -0.10582
 cos(alp) =      0.99439
 ---------- 
 Z_bw     =  0.152139  -0.083916   0.712266  -0.680065   0.000000   0.000000   0.000000   0.000000
             0.048070  -0.046279  -0.697208  -0.713756   0.000000   0.000000   0.000000   0.000000
             0.987149   0.024244  -0.075555   0.138714   0.000000   0.000000   0.000000   0.000000
             0.008985  -0.995102  -0.029481   0.093923   0.000000   0.000000   0.000000   0.000000
 ---------- 
 U        = -0.041535   0.999137
             0.999137   0.041535
 ---------- 
 V        = -0.132653   0.991163
             0.991163   0.132653
 ---------- 
 F (st)   =  0.038557   0.999256
            -0.999256   0.038557
 ---------- 
 F (sb)   =  0.591927   0.805991
            -0.805991   0.591927
 ---------- 
 F (sl)   =  0.707088   0.707126
            -0.707126   0.707088
 ---------- 
          flags : 
 isq_ng   =  1
 ipart1   =  6
 ipart2   =  7
 isquark1 =  0
 isquark2 =  0
 icoll    =  1
 isca     =  0
 imx      =  0
 ---------- 
 numerical cuts : 
 all integrals :     0.00000001
 slicing       :     0.00001000
 subtraction   :     0.00010000
 small width   :     0.01000000
