 =================================================
 final state = nn
 ---------- 
 cm energy   =   13000.00
 ---------- 
 tan_beta =      9.40085
 ---------- 
 m_gluino =  10548.94700
 m_neut1  =    240.60208
 m_neut2  =   -252.28706
 m_neut3  =    501.13621
 m_neut4  =   1082.34259
 m_char1  =    246.91827
 m_char2  =   1082.33650
 ---------- 
 m_sdl    =  10303.84210
 m_sdr    =  10303.71750
 m_sul    =  10303.56170
 m_sur    =  10303.62390
 m_sq8    =  10303.68630
 m_sq10   =  10303.70505
 m_sb1    =  10303.51140
 m_sb2    =  10304.04870
 A_b      =    100.00000
 sin(2b)  =      0.00000
 cos(2b)  =      0.00000
 m_st1    =  10186.75600
 m_st2    =  10306.31380
 A_t      =    100.00000
 sin(2t)  =      0.00000
 cos(2t)  =      0.00000
 ---------- 
 m_sel    =  10000.09620
 m_ser    =  10000.09650
 m_sne    =   9999.80729
 m_stau1  =   9999.87775
 m_stau2  =  10000.31530
 m_sntau  =   9999.80729
 A_l      =    251.73726
 sin(2l)  =      0.00000
 cos(2l)  =      0.00000
 ---------- 
 m_ha     =  10000.00000
 m_hl     =    126.35038
 m_hh     =  10000.05000
 m_hc     =  10000.77090
 sin(alp) =     -0.10580
 cos(alp) =      0.99439
 ---------- 
 Z_bw     =  0.132480  -0.069917   0.709264  -0.688843   0.000000   0.000000   0.000000   0.000000
             0.037607  -0.036622  -0.701196  -0.711033   0.000000   0.000000   0.000000   0.000000
             0.990454   0.016737  -0.068094   0.118675   0.000000   0.000000   0.000000   0.000000
             0.005957  -0.996740  -0.025132   0.076436   0.000000   0.000000   0.000000   0.000000
 ---------- 
 U        = -0.035455   0.999371
             0.999371   0.035455
 ---------- 
 V        = -0.107996   0.994151
             0.994151   0.107996
 ---------- 
 F (st)   =  0.038971   0.999240
            -0.999240   0.038971
 ---------- 
 F (sb)   =  0.619727   0.784818
            -0.784818   0.619727
 ---------- 
 F (sl)   =  0.707373   0.706841
            -0.706841   0.707373
 ---------- 
          flags : 
 isq_ng   =  1
 ipart1   =  3
 ipart2   =  3
 isquark1 =  0
 isquark2 =  0
 icoll    =  1
 isca     =  0
 imx      =  0
 ---------- 
 numerical cuts : 
 all integrals :     0.00000001
 slicing       :     0.00001000
 subtraction   :     0.00010000
 small width   :     0.01000000
