 =================================================
 final state = nn
 ---------- 
 cm energy   =   13000.00
 ---------- 
 tan_beta =      9.40426
 ---------- 
 m_gluino =  10548.94180
 m_neut1  =    184.75819
 m_neut2  =   -189.29863
 m_neut3  =   1093.67201
 m_neut4  =   2325.01152
 m_char1  =    186.99899
 m_char2  =   2325.01102
 ---------- 
 m_sdl    =  10303.83970
 m_sdr    =  10303.71500
 m_sul    =  10303.55880
 m_sur    =  10303.62070
 m_sq8    =  10303.68355
 m_sq10   =  10303.70236
 m_sb1    =  10303.56920
 m_sb2    =  10303.98600
 A_b      =    100.00000
 sin(2b)  =      0.00000
 cos(2b)  =      0.00000
 m_st1    =  10187.58660
 m_st2    =  10308.02570
 A_t      =    100.00000
 sin(2t)  =      0.00000
 cos(2t)  =      0.00000
 ---------- 
 m_sel    =  10000.09610
 m_ser    =  10000.09720
 m_sne    =   9999.80668
 m_stau1  =   9999.92720
 m_stau2  =  10000.26640
 m_sntau  =   9999.80668
 A_l      =    251.73726
 sin(2l)  =      0.00000
 cos(2l)  =      0.00000
 ---------- 
 m_ha     =  10000.00000
 m_hl     =    125.66511
 m_hh     =  10000.04970
 m_hc     =  10000.77390
 sin(alp) =     -0.10576
 cos(alp) =      0.99439
 ---------- 
 Z_bw     =  0.037999  -0.027826   0.710882  -0.701732   0.000000   0.000000   0.000000   0.000000
             0.021999  -0.019365  -0.703189  -0.710399   0.000000   0.000000   0.000000   0.000000
             0.999035   0.002710  -0.011547   0.042293   0.000000   0.000000   0.000000   0.000000
             0.001225  -0.999422  -0.006199   0.033417   0.000000   0.000000   0.000000   0.000000
 ---------- 
 U        = -0.008759   0.999962
             0.999962   0.008759
 ---------- 
 V        = -0.047250   0.998883
             0.998883   0.047250
 ---------- 
 F (st)   =  0.039050   0.999237
            -0.999237   0.039050
 ---------- 
 F (sb)   =  0.591914   0.806001
            -0.806001   0.591914
 ---------- 
 F (sl)   =  0.708186   0.706026
            -0.706026   0.708186
 ---------- 
          flags : 
 isq_ng   =  1
 ipart1   =  1
 ipart2   =  7
 isquark1 =  0
 isquark2 =  0
 icoll    =  1
 isca     =  0
 imx      =  0
 ---------- 
 numerical cuts : 
 all integrals :     0.00000001
 slicing       :     0.00001000
 subtraction   :     0.00010000
 small width   :     0.01000000
