 =================================================
 final state = nn
 ---------- 
 cm energy   =   13000.00
 ---------- 
 tan_beta =      9.40333
 ---------- 
 m_gluino =  10548.94530
 m_neut1  =    121.93564
 m_neut2  =   -127.40517
 m_neut3  =    895.42485
 m_neut4  =   1913.54347
 m_char1  =    124.60747
 m_char2  =   1913.54263
 ---------- 
 m_sdl    =  10303.84170
 m_sdr    =  10303.71670
 m_sul    =  10303.56040
 m_sur    =  10303.62260
 m_sq8    =  10303.68535
 m_sq10   =  10303.70417
 m_sb1    =  10303.62950
 m_sb2    =  10303.92940
 A_b      =    100.00000
 sin(2b)  =      0.00000
 cos(2b)  =      0.00000
 m_st1    =  10187.35480
 m_st2    =  10307.39250
 A_t      =    100.00000
 sin(2t)  =      0.00000
 cos(2t)  =      0.00000
 ---------- 
 m_sel    =  10000.09640
 m_ser    =  10000.09700
 m_sne    =   9999.80659
 m_stau1  =   9999.97650
 m_stau2  =  10000.21720
 m_sntau  =   9999.80659
 A_l      =    251.73726
 sin(2l)  =      0.00000
 cos(2l)  =      0.00000
 ---------- 
 m_ha     =  10000.00000
 m_hl     =    125.87647
 m_hh     =  10000.05040
 m_hc     =  10000.77370
 sin(alp) =     -0.10577
 cos(alp) =      0.99439
 ---------- 
 Z_bw     =  0.044452  -0.033125   0.714110  -0.697835   0.000000   0.000000   0.000000   0.000000
             0.027735  -0.024004  -0.699891  -0.713307   0.000000   0.000000   0.000000   0.000000
             0.998625   0.003931  -0.012337   0.050801   0.000000   0.000000   0.000000   0.000000
             0.001789  -0.999155  -0.006909   0.040472   0.000000   0.000000   0.000000   0.000000
 ---------- 
 U        = -0.009760   0.999952
             0.999952   0.009760
 ---------- 
 V        = -0.057222   0.998361
             0.998361   0.057222
 ---------- 
 F (st)   =  0.038684   0.999251
            -0.999251   0.038684
 ---------- 
 F (sb)   =  0.540072   0.841619
            -0.841619   0.540072
 ---------- 
 F (sl)   =  0.708058   0.706154
            -0.706154   0.708058
 ---------- 
          flags : 
 isq_ng   =  1
 ipart1   =  4
 ipart2   =  7
 isquark1 =  0
 isquark2 =  0
 icoll    =  1
 isca     =  0
 imx      =  0
 ---------- 
 numerical cuts : 
 all integrals :     0.00000001
 slicing       :     0.00001000
 subtraction   :     0.00010000
 small width   :     0.01000000
