 =================================================
 final state = nn
 ---------- 
 cm energy   =   13000.00
 ---------- 
 tan_beta =      9.40165
 ---------- 
 m_gluino =  10548.94620
 m_neut1  =    242.76856
 m_neut2  =   -251.99304
 m_neut3  =    599.13368
 m_neut4  =   1290.94340
 m_char1  =    247.61360
 m_char2  =   1290.94001
 ---------- 
 m_sdl    =  10303.84180
 m_sdr    =  10303.71720
 m_sul    =  10303.56130
 m_sur    =  10303.62340
 m_sq8    =  10303.68592
 m_sq10   =  10303.70469
 m_sb1    =  10303.51110
 m_sb2    =  10304.04840
 A_b      =    100.00000
 sin(2b)  =      0.00000
 cos(2b)  =      0.00000
 m_st1    =  10186.94210
 m_st2    =  10306.50140
 A_t      =    100.00000
 sin(2t)  =      0.00000
 cos(2t)  =      0.00000
 ---------- 
 m_sel    =  10000.09610
 m_ser    =  10000.09670
 m_sne    =   9999.80719
 m_stau1  =   9999.87778
 m_stau2  =  10000.31530
 m_sntau  =   9999.80719
 A_l      =    251.73726
 sin(2l)  =      0.00000
 cos(2l)  =      0.00000
 ---------- 
 m_ha     =  10000.00000
 m_hl     =    126.18813
 m_hh     =  10000.04980
 m_hc     =  10000.77190
 sin(alp) =     -0.10579
 cos(alp) =      0.99439
 ---------- 
 Z_bw     =  0.096749  -0.056458   0.710414  -0.694813   0.000000   0.000000   0.000000   0.000000
             0.033207  -0.031614  -0.702065  -0.710636   0.000000   0.000000   0.000000   0.000000
             0.994746   0.010673  -0.045582   0.091041   0.000000   0.000000   0.000000   0.000000
             0.004114  -0.997847  -0.018440   0.062801   0.000000   0.000000   0.000000   0.000000
 ---------- 
 U        = -0.026030   0.999661
             0.999661   0.026030
 ---------- 
 V        = -0.088757   0.996053
             0.996053   0.088757
 ---------- 
 F (st)   =  0.039070   0.999236
            -0.999236   0.039070
 ---------- 
 F (sb)   =  0.619733   0.784813
            -0.784813   0.619733
 ---------- 
 F (sl)   =  0.707526   0.706687
            -0.706687   0.707526
 ---------- 
          flags : 
 isq_ng   =  1
 ipart1   =  2
 ipart2   =  4
 isquark1 =  0
 isquark2 =  0
 icoll    =  1
 isca     =  0
 imx      =  0
 ---------- 
 numerical cuts : 
 all integrals :     0.00000001
 slicing       :     0.00001000
 subtraction   :     0.00010000
 small width   :     0.01000000
