 =================================================
 final state = nn
 ---------- 
 cm energy   =   13000.00
 ---------- 
 tan_beta =      9.40054
 ---------- 
 m_gluino =  10548.94930
 m_neut1  =     98.04747
 m_neut2  =   -107.91995
 m_neut3  =    500.04778
 m_neut4  =   1082.79019
 m_char1  =    102.87795
 m_char2  =   1082.78566
 ---------- 
 m_sdl    =  10303.84360
 m_sdr    =  10303.71870
 m_sul    =  10303.56250
 m_sur    =  10303.62500
 m_sq8    =  10303.68745
 m_sq10   =  10303.70624
 m_sb1    =  10303.65020
 m_sb2    =  10303.91260
 A_b      =    100.00000
 sin(2b)  =      0.00000
 cos(2b)  =      0.00000
 m_st1    =  10186.69600
 m_st2    =  10306.44880
 A_t      =    100.00000
 sin(2t)  =      0.00000
 cos(2t)  =      0.00000
 ---------- 
 m_sel    =  10000.09660
 m_ser    =  10000.09650
 m_sne    =   9999.80688
 m_stau1  =   9999.99280
 m_stau2  =  10000.20060
 m_sntau  =   9999.80688
 A_l      =    251.73726
 sin(2l)  =      0.00000
 cos(2l)  =      0.00000
 ---------- 
 m_ha     =  10000.00000
 m_hl     =    126.43647
 m_hh     =  10000.05110
 m_hc     =  10000.76970
 sin(alp) =     -0.10581
 cos(alp) =      0.99439
 ---------- 
 Z_bw     =  0.084597  -0.059542   0.721370  -0.684780   0.000000   0.000000   0.000000   0.000000
             0.047262  -0.041713  -0.691817  -0.719316   0.000000   0.000000   0.000000   0.000000
             0.995278   0.012599  -0.028383   0.091961   0.000000   0.000000   0.000000   0.000000
             0.005547  -0.997274  -0.014491   0.072133   0.000000   0.000000   0.000000   0.000000
 ---------- 
 U        = -0.020426   0.999791
             0.999791   0.020426
 ---------- 
 V        = -0.101937   0.994791
             0.994791   0.101937
 ---------- 
 F (st)   =  0.038271   0.999267
            -0.999267   0.038271
 ---------- 
 F (sb)   =  0.511805   0.859101
            -0.859101   0.511805
 ---------- 
 F (sl)   =  0.707015   0.707199
            -0.707199   0.707015
 ---------- 
          flags : 
 isq_ng   =  1
 ipart1   =  6
 ipart2   =  8
 isquark1 =  0
 isquark2 =  0
 icoll    =  1
 isca     =  0
 imx      =  0
 ---------- 
 numerical cuts : 
 all integrals :     0.00000001
 slicing       :     0.00001000
 subtraction   :     0.00010000
 small width   :     0.01000000
