 =================================================
 final state = nn
 ---------- 
 cm energy   =   13000.00
 ---------- 
 tan_beta =      9.39810
 ---------- 
 m_gluino =  10548.95070
 m_neut1  =     92.76659
 m_neut2  =   -109.65223
 m_neut3  =    304.58668
 m_neut4  =    663.52271
 m_char1  =    101.12215
 m_char2  =    663.50246
 ---------- 
 m_sdl    =  10303.84410
 m_sdr    =  10303.71920
 m_sul    =  10303.56320
 m_sur    =  10303.62590
 m_sq8    =  10303.68810
 m_sq10   =  10303.70686
 m_sb1    =  10303.65070
 m_sb2    =  10303.91310
 A_b      =    100.00000
 sin(2b)  =      0.00000
 cos(2b)  =      0.00000
 m_st1    =  10186.13860
 m_st2    =  10306.14160
 A_t      =    100.00000
 sin(2t)  =      0.00000
 cos(2t)  =      0.00000
 ---------- 
 m_sel    =  10000.09670
 m_ser    =  10000.09610
 m_sne    =   9999.80720
 m_stau1  =   9999.99266
 m_stau2  =  10000.20040
 m_sntau  =   9999.80720
 A_l      =    251.73726
 sin(2l)  =      0.00000
 cos(2l)  =      0.00000
 ---------- 
 m_ha     =  10000.00000
 m_hl     =    126.90923
 m_hh     =  10000.05160
 m_hc     =  10000.76680
 sin(alp) =     -0.10583
 cos(alp) =      0.99438
 ---------- 
 Z_bw     =  0.159080  -0.100590   0.726991  -0.660347   0.000000   0.000000   0.000000   0.000000
             0.070637  -0.065323  -0.682555  -0.724473   0.000000   0.000000   0.000000   0.000000
             0.984623   0.035937  -0.068017   0.156843   0.000000   0.000000   0.000000   0.000000
             0.014886  -0.992131  -0.031232   0.120332   0.000000   0.000000   0.000000   0.000000
 ---------- 
 U        = -0.043856   0.999038
             0.999038   0.043856
 ---------- 
 V        = -0.169859   0.985468
             0.985468   0.169859
 ---------- 
 F (st)   =  0.038001   0.999278
            -0.999278   0.038001
 ---------- 
 F (sb)   =  0.511825   0.859090
            -0.859090   0.511825
 ---------- 
 F (sl)   =  0.706113   0.708099
            -0.708099   0.706113
 ---------- 
          flags : 
 isq_ng   =  1
 ipart1   =  1
 ipart2   =  5
 isquark1 =  0
 isquark2 =  0
 icoll    =  1
 isca     =  0
 imx      =  0
 ---------- 
 numerical cuts : 
 all integrals :     0.00000001
 slicing       :     0.00001000
 subtraction   :     0.00010000
 small width   :     0.01000000
