 =================================================
 final state = nn
 ---------- 
 cm energy   =   13000.00
 ---------- 
 tan_beta =      9.40058
 ---------- 
 m_gluino =  10548.94880
 m_neut1  =    118.57232
 m_neut2  =   -128.60564
 m_neut3  =    500.12952
 m_neut4  =   1082.69736
 m_char1  =    123.54491
 m_char2  =   1082.69264
 ---------- 
 m_sdl    =  10303.84330
 m_sdr    =  10303.71840
 m_sul    =  10303.56230
 m_sur    =  10303.62470
 m_sq8    =  10303.68717
 m_sq10   =  10303.70596
 m_sb1    =  10303.63120
 m_sb2    =  10303.93100
 A_b      =    100.00000
 sin(2b)  =      0.00000
 cos(2b)  =      0.00000
 m_st1    =  10186.70020
 m_st2    =  10306.40950
 A_t      =    100.00000
 sin(2t)  =      0.00000
 cos(2t)  =      0.00000
 ---------- 
 m_sel    =  10000.09650
 m_ser    =  10000.09650
 m_sne    =   9999.80698
 m_stau1  =   9999.97634
 m_stau2  =  10000.21700
 m_sntau  =   9999.80698
 A_l      =    251.73726
 sin(2l)  =      0.00000
 cos(2l)  =      0.00000
 ---------- 
 m_ha     =  10000.00000
 m_hl     =    126.42076
 m_hh     =  10000.05090
 m_hc     =  10000.76980
 sin(alp) =     -0.10581
 cos(alp) =      0.99439
 ---------- 
 Z_bw     =  0.089430  -0.060957   0.718560  -0.686993   0.000000   0.000000   0.000000   0.000000
             0.045505  -0.040815  -0.694512  -0.716880   0.000000   0.000000   0.000000   0.000000
             0.994937   0.012949  -0.032734   0.094130   0.000000   0.000000   0.000000   0.000000
             0.005590  -0.997221  -0.015923   0.072557   0.000000   0.000000   0.000000   0.000000
 ---------- 
 U        = -0.022449   0.999748
             0.999748   0.022449
 ---------- 
 V        = -0.102534   0.994730
             0.994730   0.102534
 ---------- 
 F (st)   =  0.038376   0.999263
            -0.999263   0.038376
 ---------- 
 F (sb)   =  0.540113   0.841592
            -0.841592   0.540113
 ---------- 
 F (sl)   =  0.707161   0.707052
            -0.707052   0.707161
 ---------- 
          flags : 
 isq_ng   =  1
 ipart1   =  3
 ipart2   =  7
 isquark1 =  0
 isquark2 =  0
 icoll    =  1
 isca     =  0
 imx      =  0
 ---------- 
 numerical cuts : 
 all integrals :     0.00000001
 slicing       :     0.00001000
 subtraction   :     0.00010000
 small width   :     0.01000000
