 =================================================
 final state = nn
 ---------- 
 cm energy   =   13000.00
 ---------- 
 tan_beta =      9.40224
 ---------- 
 m_gluino =  10548.94610
 m_neut1  =    182.58695
 m_neut2  =   -189.90424
 m_neut3  =    697.53275
 m_neut4  =   1499.14939
 m_char1  =    186.26633
 m_char2  =   1499.14748
 ---------- 
 m_sdl    =  10303.84180
 m_sdr    =  10303.71710
 m_sul    =  10303.56110
 m_sur    =  10303.62320
 m_sq8    =  10303.68580
 m_sq10   =  10303.70459
 m_sb1    =  10303.57140
 m_sb2    =  10303.98810
 A_b      =    100.00000
 sin(2b)  =      0.00000
 cos(2b)  =      0.00000
 m_st1    =  10187.08280
 m_st2    =  10306.75930
 A_t      =    100.00000
 sin(2t)  =      0.00000
 cos(2t)  =      0.00000
 ---------- 
 m_sel    =  10000.09620
 m_ser    =  10000.09680
 m_sne    =   9999.80697
 m_stau1  =   9999.92710
 m_stau2  =  10000.26620
 m_sntau  =   9999.80697
 A_l      =    251.73726
 sin(2l)  =      0.00000
 cos(2l)  =      0.00000
 ---------- 
 m_ha     =  10000.00000
 m_hl     =    126.07567
 m_hh     =  10000.05010
 m_hc     =  10000.77240
 sin(alp) =     -0.10579
 cos(alp) =      0.99439
 ---------- 
 Z_bw     =  0.066823  -0.045042   0.712492  -0.697037   0.000000   0.000000   0.000000   0.000000
             0.031886  -0.028927  -0.701121  -0.711741   0.000000   0.000000   0.000000   0.000000
             0.997251   0.006906  -0.025289   0.069308   0.000000   0.000000   0.000000   0.000000
             0.002959  -0.998542  -0.012003   0.052540   0.000000   0.000000   0.000000   0.000000
 ---------- 
 U        = -0.016948   0.999856
             0.999856   0.016948
 ---------- 
 V        = -0.074271   0.997238
             0.997238   0.074271
 ---------- 
 F (st)   =  0.038861   0.999245
            -0.999245   0.038861
 ---------- 
 F (sb)   =  0.591931   0.805989
            -0.805989   0.591931
 ---------- 
 F (sl)   =  0.707695   0.706518
            -0.706518   0.707695
 ---------- 
          flags : 
 isq_ng   =  1
 ipart1   =  4
 ipart2   =  6
 isquark1 =  0
 isquark2 =  0
 icoll    =  1
 isca     =  0
 imx      =  0
 ---------- 
 numerical cuts : 
 all integrals :     0.00000001
 slicing       :     0.00001000
 subtraction   :     0.00010000
 small width   :     0.01000000
