 =================================================
 final state = nn
 ---------- 
 cm energy   =   13000.00
 ---------- 
 tan_beta =      9.40429
 ---------- 
 m_gluino =  10548.94120
 m_neut1  =    226.03471
 m_neut2  =   -230.63542
 m_neut3  =   1093.66119
 m_neut4  =   2324.82694
 m_char1  =    228.32497
 m_char2  =   2324.82642
 ---------- 
 m_sdl    =  10303.83940
 m_sdr    =  10303.71470
 m_sul    =  10303.55870
 m_sur    =  10303.62040
 m_sq8    =  10303.68330
 m_sq10   =  10303.70210
 m_sb1    =  10303.52880
 m_sb2    =  10304.02580
 A_b      =    100.00000
 sin(2b)  =      0.00000
 cos(2b)  =      0.00000
 m_st1    =  10187.59280
 m_st2    =  10307.99490
 A_t      =    100.00000
 sin(2t)  =      0.00000
 cos(2t)  =      0.00000
 ---------- 
 m_sel    =  10000.09600
 m_ser    =  10000.09720
 m_sne    =   9999.80678
 m_stau1  =   9999.89432
 m_stau2  =  10000.29920
 m_sntau  =   9999.80678
 A_l      =    251.73726
 sin(2l)  =      0.00000
 cos(2l)  =      0.00000
 ---------- 
 m_ha     =  10000.00000
 m_hl     =    125.65060
 m_hh     =  10000.04940
 m_hc     =  10000.77320
 sin(alp) =     -0.10576
 cos(alp) =      0.99439
 ---------- 
 Z_bw     =  0.039840  -0.028387   0.710115  -0.702384   0.000000   0.000000   0.000000   0.000000
             0.021285  -0.019023  -0.703927  -0.709699   0.000000   0.000000   0.000000   0.000000
             0.998979   0.002771  -0.013313   0.043091   0.000000   0.000000   0.000000   0.000000
             0.001233  -0.999412  -0.006808   0.033579   0.000000   0.000000   0.000000   0.000000
 ---------- 
 U        = -0.009622   0.999954
             0.999954   0.009622
 ---------- 
 V        = -0.047478   0.998872
             0.998872   0.047478
 ---------- 
 F (st)   =  0.039243   0.999230
            -0.999230   0.039243
 ---------- 
 F (sb)   =  0.612040   0.790827
            -0.790827   0.612040
 ---------- 
 F (sl)   =  0.708082   0.706131
            -0.706131   0.708082
 ---------- 
          flags : 
 isq_ng   =  1
 ipart1   =  4
 ipart2   =  8
 isquark1 =  0
 isquark2 =  0
 icoll    =  1
 isca     =  0
 imx      =  0
 ---------- 
 numerical cuts : 
 all integrals :     0.00000001
 slicing       :     0.00001000
 subtraction   :     0.00010000
 small width   :     0.01000000
