 =================================================
 final state = nn
 ---------- 
 cm energy   =   13000.00
 ---------- 
 tan_beta =      9.40080
 ---------- 
 m_gluino =  10548.94720
 m_neut1  =    220.41674
 m_neut2  =   -231.71845
 m_neut3  =    500.88128
 m_neut4  =   1082.38650
 m_char1  =    226.42044
 m_char2  =   1082.38067
 ---------- 
 m_sdl    =  10303.84220
 m_sdr    =  10303.71760
 m_sul    =  10303.56180
 m_sur    =  10303.62400
 m_sq8    =  10303.68640
 m_sq10   =  10303.70516
 m_sb1    =  10303.53180
 m_sb2    =  10304.02860
 A_b      =    100.00000
 sin(2b)  =      0.00000
 cos(2b)  =      0.00000
 m_st1    =  10186.74380
 m_st2    =  10306.32060
 A_t      =    100.00000
 sin(2t)  =      0.00000
 cos(2t)  =      0.00000
 ---------- 
 m_sel    =  10000.09620
 m_ser    =  10000.09650
 m_sne    =   9999.80726
 m_stau1  =   9999.89418
 m_stau2  =  10000.29890
 m_sntau  =   9999.80726
 A_l      =    251.73726
 sin(2l)  =      0.00000
 cos(2l)  =      0.00000
 ---------- 
 m_ha     =  10000.00000
 m_hl     =    126.36087
 m_hh     =  10000.05020
 m_hc     =  10000.77070
 sin(alp) =     -0.10580
 cos(alp) =      0.99439
 ---------- 
 Z_bw     =  0.122850  -0.068329   0.710600  -0.689411   0.000000   0.000000   0.000000   0.000000
             0.038702  -0.037231  -0.700592  -0.711538   0.000000   0.000000   0.000000   0.000000
             0.991653   0.015831  -0.060550   0.112728   0.000000   0.000000   0.000000   0.000000
             0.005882  -0.996842  -0.023503   0.075622   0.000000   0.000000   0.000000   0.000000
 ---------- 
 U        = -0.033155   0.999450
             0.999450   0.033155
 ---------- 
 V        = -0.106849   0.994275
             0.994275   0.106849
 ---------- 
 F (st)   =  0.038873   0.999244
            -0.999244   0.038873
 ---------- 
 F (sb)   =  0.612043   0.790825
            -0.790825   0.612043
 ---------- 
 F (sl)   =  0.707364   0.706849
            -0.706849   0.707364
 ---------- 
          flags : 
 isq_ng   =  1
 ipart1   =  2
 ipart2   =  2
 isquark1 =  0
 isquark2 =  0
 icoll    =  1
 isca     =  0
 imx      =  0
 ---------- 
 numerical cuts : 
 all integrals :     0.00000001
 slicing       :     0.00001000
 subtraction   :     0.00010000
 small width   :     0.01000000
