 =================================================
 final state = nn
 ---------- 
 cm energy   =   13000.00
 ---------- 
 tan_beta =      9.40385
 ---------- 
 m_gluino =  10548.94300
 m_neut1  =    184.39424
 m_neut2  =   -189.40582
 m_neut3  =    994.52331
 m_neut4  =   2119.38670
 m_char1  =    186.87515
 m_char2  =   2119.38604
 ---------- 
 m_sdl    =  10303.84040
 m_sdr    =  10303.71560
 m_sul    =  10303.55950
 m_sur    =  10303.62140
 m_sq8    =  10303.68422
 m_sq10   =  10303.70303
 m_sb1    =  10303.56980
 m_sb2    =  10303.98670
 A_b      =    100.00000
 sin(2b)  =      0.00000
 cos(2b)  =      0.00000
 m_st1    =  10187.47790
 m_st2    =  10307.65030
 A_t      =    100.00000
 sin(2t)  =      0.00000
 cos(2t)  =      0.00000
 ---------- 
 m_sel    =  10000.09620
 m_ser    =  10000.09710
 m_sne    =   9999.80674
 m_stau1  =   9999.92718
 m_stau2  =  10000.26640
 m_sntau  =   9999.80674
 A_l      =    251.73726
 sin(2l)  =      0.00000
 cos(2l)  =      0.00000
 ---------- 
 m_ha     =  10000.00000
 m_hl     =    125.75098
 m_hh     =  10000.04980
 m_hc     =  10000.77380
 sin(alp) =     -0.10577
 cos(alp) =      0.99439
 ---------- 
 Z_bw     =  0.042599  -0.030756   0.711205  -0.701019   0.000000   0.000000   0.000000   0.000000
             0.023848  -0.021101  -0.702819  -0.710656   0.000000   0.000000   0.000000   0.000000
             0.998806   0.003291  -0.013542   0.046812   0.000000   0.000000   0.000000   0.000000
             0.001474  -0.999299  -0.007093   0.036736   0.000000   0.000000   0.000000   0.000000
 ---------- 
 U        = -0.010022   0.999950
             0.999950   0.010022
 ---------- 
 V        = -0.051941   0.998650
             0.998650   0.051941
 ---------- 
 F (st)   =  0.039023   0.999238
            -0.999238   0.039023
 ---------- 
 F (sb)   =  0.591919   0.805998
            -0.805998   0.591919
 ---------- 
 F (sl)   =  0.708082   0.706130
            -0.706130   0.708082
 ---------- 
          flags : 
 isq_ng   =  1
 ipart1   =  4
 ipart2   =  5
 isquark1 =  0
 isquark2 =  0
 icoll    =  1
 isca     =  0
 imx      =  0
 ---------- 
 numerical cuts : 
 all integrals :     0.00000001
 slicing       :     0.00001000
 subtraction   :     0.00010000
 small width   :     0.01000000
