 =================================================
 final state = nn
 ---------- 
 cm energy   =   13000.00
 ---------- 
 tan_beta =      9.40421
 ---------- 
 m_gluino =  10548.94340
 m_neut1  =    101.89209
 m_neut2  =   -106.33885
 m_neut3  =   1093.70069
 m_neut4  =   2325.48146
 m_char1  =    104.04664
 m_char2  =   2325.48100
 ---------- 
 m_sdl    =  10303.84090
 m_sdr    =  10303.71580
 m_sul    =  10303.55930
 m_sur    =  10303.62150
 m_sq8    =  10303.68437
 m_sq10   =  10303.70322
 m_sb1    =  10303.64730
 m_sb2    =  10303.90990
 A_b      =    100.00000
 sin(2b)  =      0.00000
 cos(2b)  =      0.00000
 m_st1    =  10187.58740
 m_st2    =  10308.14910
 A_t      =    100.00000
 sin(2t)  =      0.00000
 cos(2t)  =      0.00000
 ---------- 
 m_sel    =  10000.09640
 m_ser    =  10000.09720
 m_sne    =   9999.80635
 m_stau1  =   9999.99302
 m_stau2  =  10000.20090
 m_sntau  =   9999.80635
 A_l      =    251.73726
 sin(2l)  =      0.00000
 cos(2l)  =      0.00000
 ---------- 
 m_ha     =  10000.00000
 m_hl     =    125.70636
 m_hh     =  10000.05050
 m_hc     =  10000.77490
 sin(alp) =     -0.10576
 cos(alp) =      0.99439
 ---------- 
 Z_bw     =  0.034697  -0.026716   0.714140  -0.698632   0.000000   0.000000   0.000000   0.000000
             0.023653  -0.020154  -0.699937  -0.713529   0.000000   0.000000   0.000000   0.000000
             0.999117   0.002617  -0.008224   0.041113   0.000000   0.000000   0.000000   0.000000
             0.001211  -0.999436  -0.004997   0.033171   0.000000   0.000000   0.000000   0.000000
 ---------- 
 U        = -0.007060   0.999975
             0.999975   0.007060
 ---------- 
 V        = -0.046903   0.998899
             0.998899   0.046903
 ---------- 
 F (st)   =  0.038650   0.999253
            -0.999253   0.038650
 ---------- 
 F (sb)   =  0.511728   0.859148
            -0.859148   0.511728
 ---------- 
 F (sl)   =  0.708407   0.705805
            -0.705805   0.708407
 ---------- 
          flags : 
 isq_ng   =  1
 ipart1   =  1
 ipart2   =  8
 isquark1 =  0
 isquark2 =  0
 icoll    =  1
 isca     =  0
 imx      =  0
 ---------- 
 numerical cuts : 
 all integrals :     0.00000001
 slicing       :     0.00001000
 subtraction   :     0.00010000
 small width   :     0.01000000
