 =================================================
 final state = nn
 ---------- 
 cm energy   =   13000.00
 ---------- 
 tan_beta =      9.39982
 ---------- 
 m_gluino =  10548.94790
 m_neut1  =    216.80643
 m_neut2  =   -232.15863
 m_neut3  =    403.86361
 m_neut4  =    873.22075
 m_char1  =    225.31579
 m_char2  =    873.20870
 ---------- 
 m_sdl    =  10303.84260
 m_sdr    =  10303.71790
 m_sul    =  10303.56220
 m_sur    =  10303.62440
 m_sq8    =  10303.68678
 m_sq10   =  10303.70552
 m_sb1    =  10303.53210
 m_sb2    =  10304.02890
 A_b      =    100.00000
 sin(2b)  =      0.00000
 cos(2b)  =      0.00000
 m_st1    =  10186.52030
 m_st2    =  10306.16510
 A_t      =    100.00000
 sin(2t)  =      0.00000
 cos(2t)  =      0.00000
 ---------- 
 m_sel    =  10000.09630
 m_ser    =  10000.09630
 m_sne    =   9999.80737
 m_stau1  =   9999.89415
 m_stau2  =  10000.29880
 m_sntau  =   9999.80737
 A_l      =    251.73726
 sin(2l)  =      0.00000
 cos(2l)  =      0.00000
 ---------- 
 m_ha     =  10000.00000
 m_hl     =    126.55806
 m_hh     =  10000.05050
 m_hc     =  10000.76940
 sin(alp) =     -0.10581
 cos(alp) =      0.99439
 ---------- 
 Z_bw     =  0.185066  -0.088635   0.706886  -0.676910   0.000000   0.000000   0.000000   0.000000
             0.044804  -0.044416  -0.699219  -0.712118   0.000000   0.000000   0.000000   0.000000
             0.981660   0.028143  -0.101024   0.159202   0.000000   0.000000   0.000000   0.000000
             0.009283  -0.994675  -0.034626   0.096622   0.000000   0.000000   0.000000   0.000000
 ---------- 
 U        = -0.048794   0.998809
             0.998809   0.048794
 ---------- 
 V        = -0.136448   0.990647
             0.990647   0.136448
 ---------- 
 F (st)   =  0.038754   0.999249
            -0.999249   0.038754
 ---------- 
 F (sb)   =  0.612031   0.790833
            -0.790833   0.612031
 ---------- 
 F (sl)   =  0.707161   0.707053
            -0.707053   0.707161
 ---------- 
          flags : 
 isq_ng   =  1
 ipart1   =  3
 ipart2   =  3
 isquark1 =  0
 isquark2 =  0
 icoll    =  1
 isca     =  0
 imx      =  0
 ---------- 
 numerical cuts : 
 all integrals :     0.00000001
 slicing       :     0.00001000
 subtraction   :     0.00010000
 small width   :     0.01000000
