Higgsino_Full_MU-100_M1-1000: 5698/100000 = 0.05698
Higgsino_Full_MU-100_M1-300: 7331/100000 = 0.07331
Higgsino_Full_MU-100_M1-400: 7172/100000 = 0.07172
Higgsino_Full_MU-100_M1-500: 7242/100000 = 0.07242
Higgsino_Full_MU-100_M1-600: 5031/75000 = 0.06708
Higgsino_Full_MU-100_M1-800: 6390/100000 = 0.0639
Higgsino_Full_MU-120_M1-1000: 5683/100000 = 0.05683
Higgsino_Full_MU-120_M1-300: 5548/75000 = 0.0739733333333
Higgsino_Full_MU-120_M1-400: 7376/100000 = 0.07376
Higgsino_Full_MU-120_M1-500: 7193/100000 = 0.07193
Higgsino_Full_MU-120_M1-600: 6910/100000 = 0.0691
Higgsino_Full_MU-120_M1-800: 4832/75000 = 0.0644266666667
Higgsino_Full_MU-140_M1-1000: 5702/100000 = 0.05702
Higgsino_Full_MU-140_M1-300: 7441/100000 = 0.07441
Higgsino_Full_MU-140_M1-400: 5601/75000 = 0.07468
Higgsino_Full_MU-140_M1-500: 7390/100000 = 0.0739
Higgsino_Full_MU-140_M1-600: 6979/100000 = 0.06979
Higgsino_Full_MU-140_M1-800: 7860/125000 = 0.06288
Higgsino_Full_MU-160_M1-1000: 4387/75000 = 0.0584933333333
Higgsino_Full_MU-160_M1-300: 7472/100000 = 0.07472
Higgsino_Full_MU-160_M1-400: 7387/100000 = 0.07387
Higgsino_Full_MU-160_M1-500: 5556/75000 = 0.07408
Higgsino_Full_MU-160_M1-600: 7208/100000 = 0.07208
Higgsino_Full_MU-160_M1-800: 6507/100000 = 0.06507
Higgsino_Full_MU-180_M1-1000: 5812/100000 = 0.05812
Higgsino_Full_MU-180_M1-300: 7721/100000 = 0.07721
Higgsino_Full_MU-180_M1-400: 7550/100000 = 0.0755
Higgsino_Full_MU-180_M1-500: 7337/100000 = 0.07337
Higgsino_Full_MU-180_M1-600: 5389/75000 = 0.0718533333333
Higgsino_Full_MU-180_M1-800: 6292/100000 = 0.06292
Higgsino_Full_MU-200_M1-1000: 5849/100000 = 0.05849
Higgsino_Full_MU-200_M1-300: 5918/75000 = 0.0789066666667
Higgsino_Full_MU-200_M1-400: 7478/100000 = 0.07478
Higgsino_Full_MU-200_M1-500: 7434/100000 = 0.07434
Higgsino_Full_MU-200_M1-600: 7090/100000 = 0.0709
Higgsino_Full_MU-200_M1-800: 4886/75000 = 0.0651466666667
Higgsino_Full_MU-220_M1-1000: 5872/100000 = 0.05872
Higgsino_Full_MU-220_M1-300: 8363/100000 = 0.08363
Higgsino_Full_MU-220_M1-400: 5752/75000 = 0.0766933333333
Higgsino_Full_MU-220_M1-500: 7456/100000 = 0.07456
Higgsino_Full_MU-220_M1-600: 7238/100000 = 0.07238
Higgsino_Full_MU-220_M1-800: 6485/100000 = 0.06485
Higgsino_Full_MU-240_M1-1000: 4417/75000 = 0.0588933333333
Higgsino_Full_MU-240_M1-300: 8836/100000 = 0.08836
Higgsino_Full_MU-240_M1-400: 7720/100000 = 0.0772
Higgsino_Full_MU-240_M1-500: 5576/75000 = 0.0743466666667
Higgsino_Full_MU-240_M1-600: 7132/100000 = 0.07132
Higgsino_Full_MU-240_M1-800: 6552/100000 = 0.06552
