 =================================================
 final state = nn
 ---------- 
 cm energy   =   13000.00
 ---------- 
 tan_beta =      9.40380
 ---------- 
 m_gluino =  10548.94410
 m_neut1  =    122.33214
 m_neut2  =   -127.24895
 m_neut3  =    994.53329
 m_neut4  =   2119.71084
 m_char1  =    124.72984
 m_char2  =   2119.71022
 ---------- 
 m_sdl    =  10303.84110
 m_sdr    =  10303.71620
 m_sul    =  10303.55980
 m_sur    =  10303.62190
 m_sq8    =  10303.68475
 m_sq10   =  10303.70358
 m_sb1    =  10303.62900
 m_sb2    =  10303.92880
 A_b      =    100.00000
 sin(2b)  =      0.00000
 cos(2b)  =      0.00000
 m_st1    =  10187.47500
 m_st2    =  10307.72880
 A_t      =    100.00000
 sin(2t)  =      0.00000
 cos(2t)  =      0.00000
 ---------- 
 m_sel    =  10000.09640
 m_ser    =  10000.09710
 m_sne    =   9999.80652
 m_stau1  =   9999.97653
 m_stau2  =  10000.21720
 m_sntau  =   9999.80652
 A_l      =    251.73726
 sin(2l)  =      0.00000
 cos(2l)  =      0.00000
 ---------- 
 m_ha     =  10000.00000
 m_hl     =    125.78007
 m_hh     =  10000.05030
 m_hc     =  10000.77430
 sin(alp) =     -0.10577
 cos(alp) =      0.99439
 ---------- 
 Z_bw     =  0.039468  -0.029745   0.713466  -0.698945   0.000000   0.000000   0.000000   0.000000
             0.025266  -0.021779  -0.700586  -0.712788   0.000000   0.000000   0.000000   0.000000
             0.998900   0.003186  -0.010461   0.045593   0.000000   0.000000   0.000000   0.000000
             0.001460  -0.999315  -0.006002   0.036484   0.000000   0.000000   0.000000   0.000000
 ---------- 
 U        = -0.008479   0.999964
             0.999964   0.008479
 ---------- 
 V        = -0.051586   0.998669
             0.998669   0.051586
 ---------- 
 F (st)   =  0.038725   0.999250
            -0.999250   0.038725
 ---------- 
 F (sb)   =  0.540063   0.841624
            -0.841624   0.540063
 ---------- 
 F (sl)   =  0.708219   0.705993
            -0.705993   0.708219
 ---------- 
          flags : 
 isq_ng   =  1
 ipart1   =  5
 ipart2   =  7
 isquark1 =  0
 isquark2 =  0
 icoll    =  1
 isca     =  0
 imx      =  0
 ---------- 
 numerical cuts : 
 all integrals :     0.00000001
 slicing       :     0.00001000
 subtraction   :     0.00010000
 small width   :     0.01000000
