 =================================================
 final state = nn
 ---------- 
 cm energy   =   13000.00
 ---------- 
 tan_beta =      9.40382
 ---------- 
 m_gluino =  10548.94370
 m_neut1  =    143.04825
 m_neut2  =   -147.99371
 m_neut3  =    994.52897
 m_neut4  =   2119.59256
 m_char1  =    145.47243
 m_char2  =   2119.59193
 ---------- 
 m_sdl    =  10303.84080
 m_sdr    =  10303.71600
 m_sul    =  10303.55970
 m_sur    =  10303.62170
 m_sq8    =  10303.68455
 m_sq10   =  10303.70337
 m_sb1    =  10303.60960
 m_sb2    =  10303.94770
 A_b      =    100.00000
 sin(2b)  =      0.00000
 cos(2b)  =      0.00000
 m_st1    =  10187.47480
 m_st2    =  10307.69630
 A_t      =    100.00000
 sin(2t)  =      0.00000
 cos(2t)  =      0.00000
 ---------- 
 m_sel    =  10000.09630
 m_ser    =  10000.09710
 m_sne    =   9999.80661
 m_stau1  =   9999.96008
 m_stau2  =  10000.23360
 m_sntau  =   9999.80661
 A_l      =    251.73726
 sin(2l)  =      0.00000
 cos(2l)  =      0.00000
 ---------- 
 m_ha     =  10000.00000
 m_hl     =    125.76904
 m_hh     =  10000.05010
 m_hc     =  10000.77410
 sin(alp) =     -0.10577
 cos(alp) =      0.99439
 ---------- 
 Z_bw     =  0.040472  -0.030082   0.712506  -0.699852   0.000000   0.000000   0.000000   0.000000
             0.024767  -0.021540  -0.701544  -0.711870   0.000000   0.000000   0.000000   0.000000
             0.998873   0.003218  -0.011465   0.045953   0.000000   0.000000   0.000000   0.000000
             0.001464  -0.999310  -0.006364   0.036559   0.000000   0.000000   0.000000   0.000000
 ---------- 
 U        = -0.008991   0.999960
             0.999960   0.008991
 ---------- 
 V        = -0.051692   0.998663
             0.998663   0.051692
 ---------- 
 F (st)   =  0.038826   0.999246
            -0.999246   0.038826
 ---------- 
 F (sb)   =  0.561608   0.827404
            -0.827404   0.561608
 ---------- 
 F (sl)   =  0.708177   0.706035
            -0.706035   0.708177
 ---------- 
          flags : 
 isq_ng   =  1
 ipart1   =  3
 ipart2   =  5
 isquark1 =  0
 isquark2 =  0
 icoll    =  1
 isca     =  0
 imx      =  0
 ---------- 
 numerical cuts : 
 all integrals :     0.00000001
 slicing       :     0.00001000
 subtraction   :     0.00010000
 small width   :     0.01000000
