 =================================================
 final state = nn
 ---------- 
 cm energy   =   13000.00
 ---------- 
 tan_beta =      9.40383
 ---------- 
 m_gluino =  10548.94330
 m_neut1  =    163.73481
 m_neut2  =   -168.71184
 m_neut3  =    994.52562
 m_neut4  =   2119.48573
 m_char1  =    166.18660
 m_char2  =   2119.48508
 ---------- 
 m_sdl    =  10303.84060
 m_sdr    =  10303.71580
 m_sul    =  10303.55960
 m_sur    =  10303.62150
 m_sq8    =  10303.68437
 m_sq10   =  10303.70319
 m_sb1    =  10303.58980
 m_sb2    =  10303.96710
 A_b      =    100.00000
 sin(2b)  =      0.00000
 cos(2b)  =      0.00000
 m_st1    =  10187.47580
 m_st2    =  10307.67080
 A_t      =    100.00000
 sin(2t)  =      0.00000
 cos(2t)  =      0.00000
 ---------- 
 m_sel    =  10000.09620
 m_ser    =  10000.09710
 m_sne    =   9999.80668
 m_stau1  =   9999.94363
 m_stau2  =  10000.25000
 m_sntau  =   9999.80668
 A_l      =    251.73726
 sin(2l)  =      0.00000
 cos(2l)  =      0.00000
 ---------- 
 m_ha     =  10000.00000
 m_hl     =    125.75947
 m_hh     =  10000.05000
 m_hc     =  10000.77400
 sin(alp) =     -0.10577
 cos(alp) =      0.99439
 ---------- 
 Z_bw     =  0.041514  -0.030418   0.711778  -0.700517   0.000000   0.000000   0.000000   0.000000
             0.024295  -0.021315  -0.702261  -0.711185   0.000000   0.000000   0.000000   0.000000
             0.998841   0.003252  -0.012491   0.046359   0.000000   0.000000   0.000000   0.000000
             0.001469  -0.999305  -0.006728   0.036644   0.000000   0.000000   0.000000   0.000000
 ---------- 
 U        = -0.009505   0.999955
             0.999955   0.009505
 ---------- 
 V        = -0.051811   0.998657
             0.998657   0.051811
 ---------- 
 F (st)   =  0.038925   0.999242
            -0.999242   0.038925
 ---------- 
 F (sb)   =  0.578446   0.815720
            -0.815720   0.578446
 ---------- 
 F (sl)   =  0.708130   0.706083
            -0.706083   0.708130
 ---------- 
          flags : 
 isq_ng   =  1
 ipart1   =  6
 ipart2   =  8
 isquark1 =  0
 isquark2 =  0
 icoll    =  1
 isca     =  0
 imx      =  0
 ---------- 
 numerical cuts : 
 all integrals :     0.00000001
 slicing       :     0.00001000
 subtraction   :     0.00010000
 small width   :     0.01000000
