 =================================================
 final state = nn
 ---------- 
 cm energy   =   13000.00
 ---------- 
 tan_beta =      9.40071
 ---------- 
 m_gluino =  10548.94770
 m_neut1  =    179.84635
 m_neut2  =   -190.53112
 m_neut3  =    500.49556
 m_neut4  =   1082.48986
 m_char1  =    185.35237
 m_char2  =   1082.48452
 ---------- 
 m_sdl    =  10303.84260
 m_sdr    =  10303.71790
 m_sul    =  10303.56200
 m_sur    =  10303.62420
 m_sq8    =  10303.68668
 m_sq10   =  10303.70543
 m_sb1    =  10303.57210
 m_sb2    =  10303.98880
 A_b      =    100.00000
 sin(2b)  =      0.00000
 cos(2b)  =      0.00000
 m_st1    =  10186.72250
 m_st2    =  10306.34270
 A_t      =    100.00000
 sin(2t)  =      0.00000
 cos(2t)  =      0.00000
 ---------- 
 m_sel    =  10000.09630
 m_ser    =  10000.09650
 m_sne    =   9999.80718
 m_stau1  =   9999.92703
 m_stau2  =  10000.26610
 m_sntau  =   9999.80718
 A_l      =    251.73726
 sin(2l)  =      0.00000
 cos(2l)  =      0.00000
 ---------- 
 m_ha     =  10000.00000
 m_hl     =    126.38272
 m_hh     =  10000.05050
 m_hc     =  10000.77030
 sin(alp) =     -0.10580
 cos(alp) =      0.99439
 ---------- 
 Z_bw     =  0.107096  -0.065278   0.713251  -0.689596   0.000000   0.000000   0.000000   0.000000
             0.041119  -0.038539  -0.698977  -0.712920   0.000000   0.000000   0.000000   0.000000
             0.993381   0.014404  -0.047845   0.103426   0.000000   0.000000   0.000000   0.000000
             0.005750  -0.997019  -0.020372   0.074202   0.000000   0.000000   0.000000   0.000000
 ---------- 
 U        = -0.028732   0.999587
             0.999587   0.028732
 ---------- 
 V        = -0.104849   0.994488
             0.994488   0.104849
 ---------- 
 F (st)   =  0.038677   0.999252
            -0.999252   0.038677
 ---------- 
 F (sb)   =  0.591934   0.805987
            -0.805987   0.591934
 ---------- 
 F (sl)   =  0.707330   0.706883
            -0.706883   0.707330
 ---------- 
          flags : 
 isq_ng   =  1
 ipart1   =  2
 ipart2   =  7
 isquark1 =  0
 isquark2 =  0
 icoll    =  1
 isca     =  0
 imx      =  0
 ---------- 
 numerical cuts : 
 all integrals :     0.00000001
 slicing       :     0.00001000
 subtraction   :     0.00010000
 small width   :     0.01000000
