 =================================================
 final state = nn
 ---------- 
 cm energy   =   13000.00
 ---------- 
 tan_beta =      9.40141
 ---------- 
 m_gluino =  10548.94860
 m_neut1  =     99.26110
 m_neut2  =   -107.45104
 m_neut3  =    598.62374
 m_neut4  =   1291.52214
 m_char1  =    103.25643
 m_char2  =   1291.51948
 ---------- 
 m_sdl    =  10303.84330
 m_sdr    =  10303.71830
 m_sul    =  10303.56210
 m_sur    =  10303.62450
 m_sq8    =  10303.68705
 m_sq10   =  10303.70585
 m_sb1    =  10303.64980
 m_sb2    =  10303.91230
 A_b      =    100.00000
 sin(2b)  =      0.00000
 cos(2b)  =      0.00000
 m_st1    =  10186.89900
 m_st2    =  10306.64560
 A_t      =    100.00000
 sin(2t)  =      0.00000
 cos(2t)  =      0.00000
 ---------- 
 m_sel    =  10000.09660
 m_ser    =  10000.09670
 m_sne    =   9999.80676
 m_stau1  =   9999.99285
 m_stau2  =  10000.20070
 m_sntau  =   9999.80676
 A_l      =    251.73726
 sin(2l)  =      0.00000
 cos(2l)  =      0.00000
 ---------- 
 m_ha     =  10000.00000
 m_hl     =    126.26638
 m_hh     =  10000.05090
 m_hc     =  10000.77090
 sin(alp) =     -0.10580
 cos(alp) =      0.99439
 ---------- 
 Z_bw     =  0.068319  -0.049388   0.719342  -0.689522   0.000000   0.000000   0.000000   0.000000
             0.040529  -0.035358  -0.694248  -0.717724   0.000000   0.000000   0.000000   0.000000
             0.996832   0.008727  -0.021030   0.076203   0.000000   0.000000   0.000000   0.000000
             0.003899  -0.998115  -0.011185   0.060210   0.000000   0.000000   0.000000   0.000000
 ---------- 
 U        = -0.015778   0.999876
             0.999876   0.015778
 ---------- 
 V        = -0.085106   0.996372
             0.996372   0.085106
 ---------- 
 F (st)   =  0.038372   0.999264
            -0.999264   0.038372
 ---------- 
 F (sb)   =  0.511790   0.859110
            -0.859110   0.511790
 ---------- 
 F (sl)   =  0.707336   0.706878
            -0.706878   0.707336
 ---------- 
          flags : 
 isq_ng   =  1
 ipart1   =  1
 ipart2   =  3
 isquark1 =  0
 isquark2 =  0
 icoll    =  1
 isca     =  0
 imx      =  0
 ---------- 
 numerical cuts : 
 all integrals :     0.00000001
 slicing       :     0.00001000
 subtraction   :     0.00010000
 small width   :     0.01000000
