 =================================================
 final state = nn
 ---------- 
 cm energy   =   13000.00
 ---------- 
 tan_beta =      9.40459
 ---------- 
 m_gluino =  10548.94200
 m_neut1  =    102.14838
 m_neut2  =   -106.22555
 m_neut3  =   1192.90035
 m_neut4  =   2530.61357
 m_char1  =    104.12248
 m_char2  =   2530.61321
 ---------- 
 m_sdl    =  10303.84020
 m_sdr    =  10303.71510
 m_sul    =  10303.55860
 m_sur    =  10303.62070
 m_sq8    =  10303.68365
 m_sq10   =  10303.70250
 m_sb1    =  10303.64660
 m_sb2    =  10303.90920
 A_b      =    100.00000
 sin(2b)  =      0.00000
 cos(2b)  =      0.00000
 m_st1    =  10187.68980
 m_st2    =  10308.56860
 A_t      =    100.00000
 sin(2t)  =      0.00000
 cos(2t)  =      0.00000
 ---------- 
 m_sel    =  10000.09640
 m_ser    =  10000.09730
 m_sne    =   9999.80629
 m_stau1  =   9999.99305
 m_stau2  =  10000.20100
 m_sntau  =   9999.80629
 A_l      =    251.73726
 sin(2l)  =      0.00000
 cos(2l)  =      0.00000
 ---------- 
 m_ha     =  10000.00000
 m_hl     =    125.62768
 m_hh     =  10000.05040
 m_hc     =  10000.77520
 sin(alp) =     -0.10576
 cos(alp) =      0.99439
 ---------- 
 Z_bw     =  0.031581  -0.024482   0.713584  -0.699429   0.000000   0.000000   0.000000   0.000000
             0.021834  -0.018570  -0.700518  -0.713059   0.000000   0.000000   0.000000   0.000000
             0.999262   0.002204  -0.007242   0.037654   0.000000   0.000000   0.000000   0.000000
             0.001025  -0.999525  -0.004480   0.030462   0.000000   0.000000   0.000000   0.000000
 ---------- 
 U        = -0.006330   0.999980
             0.999980   0.006330
 ---------- 
 V        = -0.043074   0.999072
             0.999072   0.043074
 ---------- 
 F (st)   =  0.038665   0.999252
            -0.999252   0.038665
 ---------- 
 F (sb)   =  0.511718   0.859154
            -0.859154   0.511718
 ---------- 
 F (sl)   =  0.708561   0.705650
            -0.705650   0.708561
 ---------- 
          flags : 
 isq_ng   =  1
 ipart1   =  2
 ipart2   =  7
 isquark1 =  0
 isquark2 =  0
 icoll    =  1
 isca     =  0
 imx      =  0
 ---------- 
 numerical cuts : 
 all integrals :     0.00000001
 slicing       :     0.00001000
 subtraction   :     0.00010000
 small width   :     0.01000000
