 =================================================
 final state = nn
 ---------- 
 cm energy   =   13000.00
 ---------- 
 tan_beta =      9.40157
 ---------- 
 m_gluino =  10548.94670
 m_neut1  =    201.96149
 m_neut2  =   -210.79683
 m_neut3  =    598.92112
 m_neut4  =   1291.07919
 m_char1  =    206.49508
 m_char2  =   1291.07603
 ---------- 
 m_sdl    =  10303.84210
 m_sdr    =  10303.71740
 m_sul    =  10303.56150
 m_sur    =  10303.62360
 m_sq8    =  10303.68615
 m_sq10   =  10303.70491
 m_sb1    =  10303.55160
 m_sb2    =  10304.00830
 A_b      =    100.00000
 sin(2b)  =      0.00000
 cos(2b)  =      0.00000
 m_st1    =  10186.92380
 m_st2    =  10306.52050
 A_t      =    100.00000
 sin(2t)  =      0.00000
 cos(2t)  =      0.00000
 ---------- 
 m_sel    =  10000.09620
 m_ser    =  10000.09670
 m_sne    =   9999.80712
 m_stau1  =   9999.91064
 m_stau2  =  10000.28250
 m_sntau  =   9999.80712
 A_l      =    251.73726
 sin(2l)  =      0.00000
 cos(2l)  =      0.00000
 ---------- 
 m_ha     =  10000.00000
 m_hl     =    126.20670
 m_hh     =  10000.05010
 m_hc     =  10000.77160
 sin(alp) =     -0.10579
 cos(alp) =      0.99439
 ---------- 
 Z_bw     =  0.086683  -0.054336   0.712044  -0.694642   0.000000   0.000000   0.000000   0.000000
             0.034961  -0.032543  -0.700953  -0.711606   0.000000   0.000000   0.000000   0.000000
             0.995614   0.009923  -0.037313   0.085216   0.000000   0.000000   0.000000   0.000000
             0.004041  -0.997943  -0.016282   0.061875   0.000000   0.000000   0.000000   0.000000
 ---------- 
 U        = -0.022981   0.999736
             0.999736   0.022981
 ---------- 
 V        = -0.087452   0.996169
             0.996169   0.087452
 ---------- 
 F (st)   =  0.038876   0.999244
            -0.999244   0.038876
 ---------- 
 F (sb)   =  0.602923   0.797799
            -0.797799   0.602923
 ---------- 
 F (sl)   =  0.707531   0.706682
            -0.706682   0.707531
 ---------- 
          flags : 
 isq_ng   =  1
 ipart1   =  4
 ipart2   =  4
 isquark1 =  0
 isquark2 =  0
 icoll    =  1
 isca     =  0
 imx      =  0
 ---------- 
 numerical cuts : 
 all integrals :     0.00000001
 slicing       :     0.00001000
 subtraction   :     0.00010000
 small width   :     0.01000000
