 =================================================
 final state = nn
 ---------- 
 cm energy   =   13000.00
 ---------- 
 tan_beta =      9.40428
 ---------- 
 m_gluino =  10548.94150
 m_neut1  =    205.40778
 m_neut2  =   -209.97720
 m_neut3  =   1093.66626
 m_neut4  =   2324.91703
 m_char1  =    207.67261
 m_char2  =   2324.91652
 ---------- 
 m_sdl    =  10303.83960
 m_sdr    =  10303.71490
 m_sul    =  10303.55870
 m_sur    =  10303.62060
 m_sq8    =  10303.68345
 m_sq10   =  10303.70225
 m_sb1    =  10303.54910
 m_sb2    =  10304.00580
 A_b      =    100.00000
 sin(2b)  =      0.00000
 cos(2b)  =      0.00000
 m_st1    =  10187.58920
 m_st2    =  10308.00880
 A_t      =    100.00000
 sin(2t)  =      0.00000
 cos(2t)  =      0.00000
 ---------- 
 m_sel    =  10000.09610
 m_ser    =  10000.09720
 m_sne    =   9999.80674
 m_stau1  =   9999.91076
 m_stau2  =  10000.28280
 m_sntau  =   9999.80674
 A_l      =    251.73726
 sin(2l)  =      0.00000
 cos(2l)  =      0.00000
 ---------- 
 m_ha     =  10000.00000
 m_hl     =    125.65753
 m_hh     =  10000.04960
 m_hc     =  10000.77360
 sin(alp) =     -0.10576
 cos(alp) =      0.99439
 ---------- 
 Z_bw     =  0.038900  -0.028105   0.710463  -0.702096   0.000000   0.000000   0.000000   0.000000
             0.021635  -0.019191  -0.703595  -0.710013   0.000000   0.000000   0.000000   0.000000
             0.999008   0.002740  -0.012419   0.042674   0.000000   0.000000   0.000000   0.000000
             0.001229  -0.999417  -0.006503   0.033495   0.000000   0.000000   0.000000   0.000000
 ---------- 
 U        = -0.009189   0.999958
             0.999958   0.009189
 ---------- 
 V        = -0.047360   0.998878
             0.998878   0.047360
 ---------- 
 F (st)   =  0.039147   0.999233
            -0.999233   0.039147
 ---------- 
 F (sb)   =  0.602910   0.797809
            -0.797809   0.602910
 ---------- 
 F (sl)   =  0.708131   0.706081
            -0.706081   0.708131
 ---------- 
          flags : 
 isq_ng   =  1
 ipart1   =  1
 ipart2   =  7
 isquark1 =  0
 isquark2 =  0
 icoll    =  1
 isca     =  0
 imx      =  0
 ---------- 
 numerical cuts : 
 all integrals :     0.00000001
 slicing       :     0.00001000
 subtraction   :     0.00010000
 small width   :     0.01000000
