 =================================================
 final state = nn
 ---------- 
 cm energy   =   13000.00
 ---------- 
 tan_beta =      9.40388
 ---------- 
 m_gluino =  10548.94250
 m_neut1  =    225.63960
 m_neut2  =   -230.72950
 m_neut3  =    994.52220
 m_neut4  =   2119.20423
 m_char1  =    228.18427
 m_char2  =   2119.20355
 ---------- 
 m_sdl    =  10303.84000
 m_sdr    =  10303.71540
 m_sul    =  10303.55930
 m_sur    =  10303.62120
 m_sq8    =  10303.68397
 m_sq10   =  10303.70277
 m_sb1    =  10303.52950
 m_sb2    =  10304.02640
 A_b      =    100.00000
 sin(2b)  =      0.00000
 cos(2b)  =      0.00000
 m_st1    =  10187.48510
 m_st2    =  10307.62020
 A_t      =    100.00000
 sin(2t)  =      0.00000
 cos(2t)  =      0.00000
 ---------- 
 m_sel    =  10000.09610
 m_ser    =  10000.09710
 m_sne    =   9999.80685
 m_stau1  =   9999.89430
 m_stau2  =  10000.29920
 m_sntau  =   9999.80685
 A_l      =    251.73726
 sin(2l)  =      0.00000
 cos(2l)  =      0.00000
 ---------- 
 m_ha     =  10000.00000
 m_hl     =    125.73594
 m_hh     =  10000.04950
 m_hc     =  10000.77340
 sin(alp) =     -0.10577
 cos(alp) =      0.99439
 ---------- 
 Z_bw     =  0.044927  -0.031444   0.710349  -0.701710   0.000000   0.000000   0.000000   0.000000
             0.023011  -0.020697  -0.703630  -0.709892   0.000000   0.000000   0.000000   0.000000
             0.998724   0.003378  -0.015731   0.047867   0.000000   0.000000   0.000000   0.000000
             0.001486  -0.999285  -0.007832   0.036945   0.000000   0.000000   0.000000   0.000000
 ---------- 
 U        = -0.011067   0.999939
             0.999939   0.011067
 ---------- 
 V        = -0.052237   0.998635
             0.998635   0.052237
 ---------- 
 F (st)   =  0.039217   0.999231
            -0.999231   0.039217
 ---------- 
 F (sb)   =  0.612042   0.790825
            -0.790825   0.612042
 ---------- 
 F (sl)   =  0.707995   0.706218
            -0.706218   0.707995
 ---------- 
          flags : 
 isq_ng   =  1
 ipart1   =  3
 ipart2   =  6
 isquark1 =  0
 isquark2 =  0
 icoll    =  1
 isca     =  0
 imx      =  0
 ---------- 
 numerical cuts : 
 all integrals :     0.00000001
 slicing       :     0.00001000
 subtraction   :     0.00010000
 small width   :     0.01000000
