 =================================================
 final state = nn
 ---------- 
 cm energy   =   13000.00
 ---------- 
 tan_beta =      9.40340
 ---------- 
 m_gluino =  10548.94390
 m_neut1  =    204.55516
 m_neut2  =   -210.20058
 m_neut3  =    895.43820
 m_neut4  =   1913.13591
 m_char1  =    207.37661
 m_char2  =   1913.13499
 ---------- 
 m_sdl    =  10303.84070
 m_sdr    =  10303.71610
 m_sul    =  10303.56000
 m_sur    =  10303.62190
 m_sq8    =  10303.68467
 m_sq10   =  10303.70347
 m_sb1    =  10303.55030
 m_sb2    =  10304.00700
 A_b      =    100.00000
 sin(2b)  =      0.00000
 cos(2b)  =      0.00000
 m_st1    =  10187.36340
 m_st2    =  10307.29930
 A_t      =    100.00000
 sin(2t)  =      0.00000
 cos(2t)  =      0.00000
 ---------- 
 m_sel    =  10000.09610
 m_ser    =  10000.09700
 m_sne    =   9999.80687
 m_stau1  =   9999.91072
 m_stau2  =  10000.28270
 m_sntau  =   9999.80687
 A_l      =    251.73726
 sin(2l)  =      0.00000
 cos(2l)  =      0.00000
 ---------- 
 m_ha     =  10000.00000
 m_hl     =    125.83828
 m_hh     =  10000.04970
 m_hc     =  10000.77350
 sin(alp) =     -0.10577
 cos(alp) =      0.99439
 ---------- 
 Z_bw     =  0.049938  -0.034813   0.711051  -0.700500   0.000000   0.000000   0.000000   0.000000
             0.025527  -0.022938  -0.702867  -0.710493   0.000000   0.000000   0.000000   0.000000
             0.998424   0.004147  -0.017578   0.053128   0.000000   0.000000   0.000000   0.000000
             0.001818  -0.999122  -0.008712   0.040940   0.000000   0.000000   0.000000   0.000000
 ---------- 
 U        = -0.012308   0.999924
             0.999924   0.012308
 ---------- 
 V        = -0.057882   0.998323
             0.998323   0.057882
 ---------- 
 F (st)   =  0.039080   0.999236
            -0.999236   0.039080
 ---------- 
 F (sb)   =  0.602917   0.797804
            -0.797804   0.602917
 ---------- 
 F (sl)   =  0.707933   0.706280
            -0.706280   0.707933
 ---------- 
          flags : 
 isq_ng   =  1
 ipart1   =  3
 ipart2   =  4
 isquark1 =  0
 isquark2 =  0
 icoll    =  1
 isca     =  0
 imx      =  0
 ---------- 
 numerical cuts : 
 all integrals :     0.00000001
 slicing       :     0.00001000
 subtraction   :     0.00010000
 small width   :     0.01000000
