 =================================================
 final state = nn
 ---------- 
 cm energy   =   13000.00
 ---------- 
 tan_beta =      9.40379
 ---------- 
 m_gluino =  10548.94470
 m_neut1  =    101.58356
 m_neut2  =   -106.47471
 m_neut3  =    994.53852
 m_neut4  =   2119.84723
 m_char1  =    103.95539
 m_char2  =   2119.84662
 ---------- 
 m_sdl    =  10303.84150
 m_sdr    =  10303.71640
 m_sul    =  10303.56000
 m_sur    =  10303.62220
 m_sq8    =  10303.68502
 m_sq10   =  10303.70386
 m_sb1    =  10303.64790
 m_sb2    =  10303.91050
 A_b      =    100.00000
 sin(2b)  =      0.00000
 cos(2b)  =      0.00000
 m_st1    =  10187.47680
 m_st2    =  10307.77190
 A_t      =    100.00000
 sin(2t)  =      0.00000
 cos(2t)  =      0.00000
 ---------- 
 m_sel    =  10000.09650
 m_ser    =  10000.09710
 m_sne    =   9999.80641
 m_stau1  =   9999.99300
 m_stau2  =  10000.20090
 m_sntau  =   9999.80641
 A_l      =    251.73726
 sin(2l)  =      0.00000
 cos(2l)  =      0.00000
 ---------- 
 m_ha     =  10000.00000
 m_hl     =    125.79326
 m_hh     =  10000.05050
 m_hc     =  10000.77440
 sin(alp) =     -0.10577
 cos(alp) =      0.99439
 ---------- 
 Z_bw     =  0.038492  -0.029404   0.714800  -0.697650   0.000000   0.000000   0.000000   0.000000
             0.025802  -0.022038  -0.699242  -0.714079   0.000000   0.000000   0.000000   0.000000
             0.998925   0.003158  -0.009474   0.045275   0.000000   0.000000   0.000000   0.000000
             0.001455  -0.999320  -0.005642   0.036418   0.000000   0.000000   0.000000   0.000000
 ---------- 
 U        = -0.007970   0.999968
             0.999968   0.007970
 ---------- 
 V        = -0.051493   0.998673
             0.998673   0.051493
 ---------- 
 F (st)   =  0.038622   0.999254
            -0.999254   0.038622
 ---------- 
 F (sb)   =  0.511738   0.859141
            -0.859141   0.511738
 ---------- 
 F (sl)   =  0.708238   0.705974
            -0.705974   0.708238
 ---------- 
          flags : 
 isq_ng   =  1
 ipart1   =  2
 ipart2   =  4
 isquark1 =  0
 isquark2 =  0
 icoll    =  1
 isca     =  0
 imx      =  0
 ---------- 
 numerical cuts : 
 all integrals :     0.00000001
 slicing       :     0.00001000
 subtraction   :     0.00010000
 small width   :     0.01000000
