 =================================================
 final state = nn
 ---------- 
 cm energy   =   13000.00
 ---------- 
 tan_beta =      9.40331
 ---------- 
 m_gluino =  10548.94580
 m_neut1  =    101.20446
 m_neut2  =   -106.64025
 m_neut3  =    895.42579
 m_neut4  =   1913.67567
 m_char1  =    103.84305
 m_char2  =   1913.67484
 ---------- 
 m_sdl    =  10303.84200
 m_sdr    =  10303.71700
 m_sul    =  10303.56060
 m_sur    =  10303.62280
 m_sq8    =  10303.68560
 m_sq10   =  10303.70443
 m_sb1    =  10303.64850
 m_sb2    =  10303.91100
 A_b      =    100.00000
 sin(2b)  =      0.00000
 cos(2b)  =      0.00000
 m_st1    =  10187.35600
 m_st2    =  10307.43510
 A_t      =    100.00000
 sin(2t)  =      0.00000
 cos(2t)  =      0.00000
 ---------- 
 m_sel    =  10000.09650
 m_ser    =  10000.09700
 m_sne    =   9999.80648
 m_stau1  =   9999.99296
 m_stau2  =  10000.20090
 m_sntau  =   9999.80648
 A_l      =    251.73726
 sin(2l)  =      0.00000
 cos(2l)  =      0.00000
 ---------- 
 m_ha     =  10000.00000
 m_hl     =    125.88999
 m_hh     =  10000.05060
 m_hc     =  10000.77380
 sin(alp) =     -0.10577
 cos(alp) =      0.99439
 ---------- 
 Z_bw     =  0.043218  -0.032701   0.715594  -0.696410   0.000000   0.000000   0.000000   0.000000
             0.028382  -0.024318  -0.698398  -0.714733   0.000000   0.000000   0.000000   0.000000
             0.998661   0.003890  -0.011108   0.050378   0.000000   0.000000   0.000000   0.000000
             0.001783  -0.999162  -0.006466   0.040384   0.000000   0.000000   0.000000   0.000000
 ---------- 
 U        = -0.009132   0.999958
             0.999958   0.009132
 ---------- 
 V        = -0.057098   0.998369
             0.998369   0.057098
 ---------- 
 F (st)   =  0.038580   0.999256
            -0.999256   0.038580
 ---------- 
 F (sb)   =  0.511750   0.859135
            -0.859135   0.511750
 ---------- 
 F (sl)   =  0.708051   0.706161
            -0.706161   0.708051
 ---------- 
          flags : 
 isq_ng   =  1
 ipart1   =  2
 ipart2   =  6
 isquark1 =  0
 isquark2 =  0
 icoll    =  1
 isca     =  0
 imx      =  0
 ---------- 
 numerical cuts : 
 all integrals :     0.00000001
 slicing       :     0.00001000
 subtraction   :     0.00010000
 small width   :     0.01000000
