 =================================================
 final state = nn
 ---------- 
 cm energy   =   13000.00
 ---------- 
 tan_beta =      9.39862
 ---------- 
 m_gluino =  10548.94870
 m_neut1  =    207.92280
 m_neut2  =   -232.81149
 m_neut3  =    310.95771
 m_neut4  =    664.05903
 m_char1  =    223.02835
 m_char2  =    664.02688
 ---------- 
 m_sdl    =  10303.84290
 m_sdr    =  10303.71830
 m_sul    =  10303.56250
 m_sur    =  10303.62500
 m_sq8    =  10303.68717
 m_sq10   =  10303.70591
 m_sb1    =  10303.53250
 m_sb2    =  10304.02920
 A_b      =    100.00000
 sin(2b)  =      0.00000
 cos(2b)  =      0.00000
 m_st1    =  10186.24830
 m_st2    =  10306.04570
 A_t      =    100.00000
 sin(2t)  =      0.00000
 cos(2t)  =      0.00000
 ---------- 
 m_sel    =  10000.09640
 m_ser    =  10000.09610
 m_sne    =   9999.80749
 m_stau1  =   9999.89413
 m_stau2  =  10000.29870
 m_sntau  =   9999.80749
 A_l      =    251.73726
 sin(2l)  =      0.00000
 cos(2l)  =      0.00000
 ---------- 
 m_ha     =  10000.00000
 m_hl     =    126.80378
 m_hh     =  10000.05090
 m_hc     =  10000.76790
 sin(alp) =     -0.10583
 cos(alp) =      0.99438
 ---------- 
 Z_bw     =  0.348561  -0.120902   0.681932  -0.631552   0.000000   0.000000   0.000000   0.000000
             0.053160  -0.055110  -0.697126  -0.712848   0.000000   0.000000   0.000000   0.000000
             0.935623   0.066137  -0.213372   0.273327   0.000000   0.000000   0.000000   0.000000
             0.016997  -0.988924  -0.058792   0.135215   0.000000   0.000000   0.000000   0.000000
 ---------- 
 U        = -0.082679   0.996576
             0.996576   0.082679
 ---------- 
 V        = -0.190722   0.981644
             0.981644   0.190722
 ---------- 
 F (st)   =  0.038610   0.999254
            -0.999254   0.038610
 ---------- 
 F (sb)   =  0.612004   0.790855
            -0.790855   0.612004
 ---------- 
 F (sl)   =  0.706898   0.707316
            -0.707316   0.706898
 ---------- 
          flags : 
 isq_ng   =  1
 ipart1   =  4
 ipart2   =  8
 isquark1 =  0
 isquark2 =  0
 icoll    =  1
 isca     =  0
 imx      =  0
 ---------- 
 numerical cuts : 
 all integrals :     0.00000001
 slicing       :     0.00001000
 subtraction   :     0.00010000
 small width   :     0.01000000
