 =================================================
 final state = nn
 ---------- 
 cm energy   =   13000.00
 ---------- 
 tan_beta =      9.40334
 ---------- 
 m_gluino =  10548.94490
 m_neut1  =    142.63378
 m_neut2  =   -148.14110
 m_neut3  =    895.42550
 m_neut4  =   1913.42835
 m_char1  =    145.33991
 m_char2  =   1913.42749
 ---------- 
 m_sdl    =  10303.84140
 m_sdr    =  10303.71650
 m_sul    =  10303.56030
 m_sur    =  10303.62240
 m_sq8    =  10303.68515
 m_sq10   =  10303.70396
 m_sb1    =  10303.61010
 m_sb2    =  10303.94830
 A_b      =    100.00000
 sin(2b)  =      0.00000
 cos(2b)  =      0.00000
 m_st1    =  10187.35520
 m_st2    =  10307.36040
 A_t      =    100.00000
 sin(2t)  =      0.00000
 cos(2t)  =      0.00000
 ---------- 
 m_sel    =  10000.09630
 m_ser    =  10000.09700
 m_sne    =   9999.80668
 m_stau1  =   9999.96005
 m_stau2  =  10000.23360
 m_sntau  =   9999.80668
 A_l      =    251.73726
 sin(2l)  =      0.00000
 cos(2l)  =      0.00000
 ---------- 
 m_ha     =  10000.00000
 m_hl     =    125.86515
 m_hh     =  10000.05020
 m_hc     =  10000.77370
 sin(alp) =     -0.10577
 cos(alp) =      0.99439
 ---------- 
 Z_bw     =  0.045730  -0.033544   0.713038  -0.698828   0.000000   0.000000   0.000000   0.000000
             0.027134  -0.023715  -0.700955  -0.712295   0.000000   0.000000   0.000000   0.000000
             0.998584   0.003977  -0.013593   0.051285   0.000000   0.000000   0.000000   0.000000
             0.001796  -0.999148  -0.007356   0.040572   0.000000   0.000000   0.000000   0.000000
 ---------- 
 U        = -0.010390   0.999946
             0.999946   0.010390
 ---------- 
 V        = -0.057363   0.998353
             0.998353   0.057363
 ---------- 
 F (st)   =  0.038785   0.999248
            -0.999248   0.038785
 ---------- 
 F (sb)   =  0.561615   0.827399
            -0.827399   0.561615
 ---------- 
 F (sl)   =  0.708036   0.706177
            -0.706177   0.708036
 ---------- 
          flags : 
 isq_ng   =  1
 ipart1   =  5
 ipart2   =  7
 isquark1 =  0
 isquark2 =  0
 icoll    =  1
 isca     =  0
 imx      =  0
 ---------- 
 numerical cuts : 
 all integrals :     0.00000001
 slicing       :     0.00001000
 subtraction   :     0.00010000
 small width   :     0.01000000
