 =================================================
 final state = nn
 ---------- 
 cm energy   =   13000.00
 ---------- 
 tan_beta =      9.39853
 ---------- 
 m_gluino =  10548.94890
 m_neut1  =    189.76420
 m_neut2  =   -212.31202
 m_neut3  =    308.84652
 m_neut4  =    663.89919
 m_char1  =    202.83163
 m_char2  =    663.86965
 ---------- 
 m_sdl    =  10303.84300
 m_sdr    =  10303.71840
 m_sul    =  10303.56260
 m_sur    =  10303.62510
 m_sq8    =  10303.68728
 m_sq10   =  10303.70601
 m_sb1    =  10303.55270
 m_sb2    =  10304.00920
 A_b      =    100.00000
 sin(2b)  =      0.00000
 cos(2b)  =      0.00000
 m_st1    =  10186.22660
 m_st2    =  10306.04980
 A_t      =    100.00000
 sin(2t)  =      0.00000
 cos(2t)  =      0.00000
 ---------- 
 m_sel    =  10000.09640
 m_ser    =  10000.09610
 m_sne    =   9999.80747
 m_stau1  =   9999.91054
 m_stau2  =  10000.28230
 m_sntau  =   9999.80747
 A_l      =    251.73726
 sin(2l)  =      0.00000
 cos(2l)  =      0.00000
 ---------- 
 m_ha     =  10000.00000
 m_hl     =    126.82031
 m_hh     =  10000.05100
 m_hc     =  10000.76760
 sin(alp) =     -0.10583
 cos(alp) =      0.99438
 ---------- 
 Z_bw     =  0.295814  -0.118568   0.694610  -0.644943   0.000000   0.000000   0.000000   0.000000
             0.055394  -0.056500  -0.695934  -0.713733   0.000000   0.000000   0.000000   0.000000
             0.953495   0.057223  -0.174138   0.239268   0.000000   0.000000   0.000000   0.000000
             0.016528  -0.989684  -0.053556   0.131847   0.000000   0.000000   0.000000   0.000000
 ---------- 
 U        = -0.075309   0.997160
             0.997160   0.075309
 ---------- 
 V        = -0.185999   0.982550
             0.982550   0.185999
 ---------- 
 F (st)   =  0.038512   0.999258
            -0.999258   0.038512
 ---------- 
 F (sb)   =  0.602887   0.797826
            -0.797826   0.602887
 ---------- 
 F (sl)   =  0.706843   0.707370
            -0.707370   0.706843
 ---------- 
          flags : 
 isq_ng   =  1
 ipart1   =  1
 ipart2   =  4
 isquark1 =  0
 isquark2 =  0
 icoll    =  1
 isca     =  0
 imx      =  0
 ---------- 
 numerical cuts : 
 all integrals :     0.00000001
 slicing       :     0.00001000
 subtraction   :     0.00010000
 small width   :     0.01000000
