 =================================================
 final state = nn
 ---------- 
 cm energy   =   13000.00
 ---------- 
 tan_beta =      9.40062
 ---------- 
 m_gluino =  10548.94840
 m_neut1  =    139.04834
 m_neut2  =   -149.26859
 m_neut3  =    500.22934
 m_neut4  =   1082.61900
 m_char1  =    144.17764
 m_char2  =   1082.61408
 ---------- 
 m_sdl    =  10303.84300
 m_sdr    =  10303.71820
 m_sul    =  10303.56220
 m_sur    =  10303.62450
 m_sq8    =  10303.68698
 m_sq10   =  10303.70575
 m_sb1    =  10303.61180
 m_sb2    =  10303.94990
 A_b      =    100.00000
 sin(2b)  =      0.00000
 cos(2b)  =      0.00000
 m_st1    =  10186.70620
 m_st2    =  10306.38090
 A_t      =    100.00000
 sin(2t)  =      0.00000
 cos(2t)  =      0.00000
 ---------- 
 m_sel    =  10000.09640
 m_ser    =  10000.09650
 m_sne    =   9999.80706
 m_stau1  =   9999.95990
 m_stau2  =  10000.23330
 m_sntau  =   9999.80706
 A_l      =    251.73726
 sin(2l)  =      0.00000
 cos(2l)  =      0.00000
 ---------- 
 m_ha     =  10000.00000
 m_hl     =    126.40699
 m_hh     =  10000.05080
 m_hc     =  10000.76990
 sin(alp) =     -0.10580
 cos(alp) =      0.99439
 ---------- 
 Z_bw     =  0.094714  -0.062374   0.716440  -0.688369   0.000000   0.000000   0.000000   0.000000
             0.043917  -0.040001  -0.696430  -0.715162   0.000000   0.000000   0.000000   0.000000
             0.994519   0.013361  -0.037378   0.096724   0.000000   0.000000   0.000000   0.000000
             0.005639  -0.997161  -0.017378   0.073043   0.000000   0.000000   0.000000   0.000000
 ---------- 
 U        = -0.024504   0.999700
             0.999700   0.024504
 ---------- 
 V        = -0.103217   0.994659
             0.994659   0.103217
 ---------- 
 F (st)   =  0.038478   0.999259
            -0.999259   0.038478
 ---------- 
 F (sb)   =  0.561643   0.827379
            -0.827379   0.561643
 ---------- 
 F (sl)   =  0.707246   0.706968
            -0.706968   0.707246
 ---------- 
          flags : 
 isq_ng   =  1
 ipart1   =  4
 ipart2   =  8
 isquark1 =  0
 isquark2 =  0
 icoll    =  1
 isca     =  0
 imx      =  0
 ---------- 
 numerical cuts : 
 all integrals :     0.00000001
 slicing       :     0.00001000
 subtraction   :     0.00010000
 small width   :     0.01000000
