 =================================================
 final state = nn
 ---------- 
 cm energy   =   13000.00
 ---------- 
 tan_beta =      9.40338
 ---------- 
 m_gluino =  10548.94420
 m_neut1  =    183.94143
 m_neut2  =   -189.53657
 m_neut3  =    895.43202
 m_neut4  =   1913.22733
 m_char1  =    186.72193
 m_char2  =   1913.22643
 ---------- 
 m_sdl    =  10303.84090
 m_sdr    =  10303.71620
 m_sul    =  10303.56010
 m_sur    =  10303.62210
 m_sq8    =  10303.68483
 m_sq10   =  10303.70362
 m_sb1    =  10303.57040
 m_sb2    =  10303.98720
 A_b      =    100.00000
 sin(2b)  =      0.00000
 cos(2b)  =      0.00000
 m_st1    =  10187.35960
 m_st2    =  10307.31540
 A_t      =    100.00000
 sin(2t)  =      0.00000
 cos(2t)  =      0.00000
 ---------- 
 m_sel    =  10000.09620
 m_ser    =  10000.09700
 m_sne    =   9999.80681
 m_stau1  =   9999.92716
 m_stau2  =  10000.26630
 m_sntau  =   9999.80681
 A_l      =    251.73726
 sin(2l)  =      0.00000
 cos(2l)  =      0.00000
 ---------- 
 m_ha     =  10000.00000
 m_hl     =    125.84642
 m_hh     =  10000.04990
 m_hc     =  10000.77360
 sin(alp) =     -0.10577
 cos(alp) =      0.99439
 ---------- 
 Z_bw     =  0.048463  -0.034385   0.711578  -0.700090   0.000000   0.000000   0.000000   0.000000
             0.026036  -0.023185  -0.702371  -0.710956   0.000000   0.000000   0.000000   0.000000
             0.998484   0.004085  -0.016208   0.052444   0.000000   0.000000   0.000000   0.000000
             0.001810  -0.999131  -0.008256   0.040806   0.000000   0.000000   0.000000   0.000000
 ---------- 
 U        = -0.011664   0.999932
             0.999932   0.011664
 ---------- 
 V        = -0.057693   0.998334
             0.998334   0.057693
 ---------- 
 F (st)   =  0.038983   0.999240
            -0.999240   0.038983
 ---------- 
 F (sb)   =  0.591923   0.805995
            -0.805995   0.591923
 ---------- 
 F (sl)   =  0.707968   0.706245
            -0.706245   0.707968
 ---------- 
          flags : 
 isq_ng   =  1
 ipart1   =  3
 ipart2   =  8
 isquark1 =  0
 isquark2 =  0
 icoll    =  1
 isca     =  0
 imx      =  0
 ---------- 
 numerical cuts : 
 all integrals :     0.00000001
 slicing       :     0.00001000
 subtraction   :     0.00010000
 small width   :     0.01000000
