 =================================================
 final state = nn
 ---------- 
 cm energy   =   13000.00
 ---------- 
 tan_beta =      9.40281
 ---------- 
 m_gluino =  10548.94590
 m_neut1  =    142.10721
 m_neut2  =   -148.32395
 m_neut3  =    796.39519
 m_neut4  =   1706.68912
 m_char1  =    145.17135
 m_char2  =   1706.68790
 ---------- 
 m_sdl    =  10303.84190
 m_sdr    =  10303.71700
 m_sul    =  10303.56080
 m_sur    =  10303.62300
 m_sq8    =  10303.68568
 m_sq10   =  10303.70448
 m_sb1    =  10303.61060
 m_sb2    =  10303.94880
 A_b      =    100.00000
 sin(2b)  =      0.00000
 cos(2b)  =      0.00000
 m_st1    =  10187.22290
 m_st2    =  10307.06300
 A_t      =    100.00000
 sin(2t)  =      0.00000
 cos(2t)  =      0.00000
 ---------- 
 m_sel    =  10000.09630
 m_ser    =  10000.09690
 m_sne    =   9999.80676
 m_stau1  =   9999.96002
 m_stau2  =  10000.23350
 m_sntau  =   9999.80676
 A_l      =    251.73726
 sin(2l)  =      0.00000
 cos(2l)  =      0.00000
 ---------- 
 m_ha     =  10000.00000
 m_hl     =    125.97321
 m_hh     =  10000.05030
 m_hc     =  10000.77300
 sin(alp) =     -0.10578
 cos(alp) =      0.99439
 ---------- 
 Z_bw     =  0.052550  -0.037917   0.713677  -0.697471   0.000000   0.000000   0.000000   0.000000
             0.030002  -0.026387  -0.700226  -0.712802   0.000000   0.000000   0.000000   0.000000
             0.998165   0.005047  -0.016506   0.058041   0.000000   0.000000   0.000000   0.000000
             0.002256  -0.998920  -0.008676   0.045597   0.000000   0.000000   0.000000   0.000000
 ---------- 
 U        = -0.012253   0.999925
             0.999925   0.012253
 ---------- 
 V        = -0.064463   0.997920
             0.997920   0.064463
 ---------- 
 F (st)   =  0.038731   0.999250
            -0.999250   0.038731
 ---------- 
 F (sb)   =  0.561623   0.827394
            -0.827394   0.561623
 ---------- 
 F (sl)   =  0.707877   0.706336
            -0.706336   0.707877
 ---------- 
          flags : 
 isq_ng   =  1
 ipart1   =  3
 ipart2   =  4
 isquark1 =  0
 isquark2 =  0
 icoll    =  1
 isca     =  0
 imx      =  0
 ---------- 
 numerical cuts : 
 all integrals :     0.00000001
 slicing       :     0.00001000
 subtraction   :     0.00010000
 small width   :     0.01000000
