 =================================================
 final state = nn
 ---------- 
 cm energy   =   13000.00
 ---------- 
 tan_beta =      9.39947
 ---------- 
 m_gluino =  10548.95000
 m_neut1  =     96.14990
 m_neut2  =   -108.59626
 m_neut3  =    401.88491
 m_neut4  =    873.38172
 m_char1  =    102.26657
 m_char2  =    873.37302
 ---------- 
 m_sdl    =  10303.84390
 m_sdr    =  10303.71890
 m_sul    =  10303.56280
 m_sur    =  10303.62540
 m_sq8    =  10303.68775
 m_sq10   =  10303.70653
 m_sb1    =  10303.65040
 m_sb2    =  10303.91290
 A_b      =    100.00000
 sin(2b)  =      0.00000
 cos(2b)  =      0.00000
 m_st1    =  10186.44990
 m_st2    =  10306.28130
 A_t      =    100.00000
 sin(2t)  =      0.00000
 cos(2t)  =      0.00000
 ---------- 
 m_sel    =  10000.09660
 m_ser    =  10000.09630
 m_sne    =   9999.80702
 m_stau1  =   9999.99273
 m_stau2  =  10000.20050
 m_sntau  =   9999.80702
 A_l      =    251.73726
 sin(2l)  =      0.00000
 cos(2l)  =      0.00000
 ---------- 
 m_ha     =  10000.00000
 m_hl     =    126.64422
 m_hh     =  10000.05130
 m_hc     =  10000.76830
 sin(alp) =     -0.10582
 cos(alp) =      0.99439
 ---------- 
 Z_bw     =  0.110776  -0.074909   0.724009  -0.676704   0.000000   0.000000   0.000000   0.000000
             0.056655  -0.050894  -0.688256  -0.721460   0.000000   0.000000   0.000000   0.000000
             0.992193   0.019839  -0.041361   0.115973   0.000000   0.000000   0.000000   0.000000
             0.008539  -0.995693  -0.020114   0.090098   0.000000   0.000000   0.000000   0.000000
 ---------- 
 U        = -0.028313   0.999599
             0.999599   0.028313
 ---------- 
 V        = -0.127277   0.991867
             0.991867   0.127277
 ---------- 
 F (st)   =  0.038149   0.999272
            -0.999272   0.038149
 ---------- 
 F (sb)   =  0.511819   0.859093
            -0.859093   0.511819
 ---------- 
 F (sl)   =  0.706622   0.707592
            -0.707592   0.706622
 ---------- 
          flags : 
 isq_ng   =  1
 ipart1   =  3
 ipart2   =  4
 isquark1 =  0
 isquark2 =  0
 icoll    =  1
 isca     =  0
 imx      =  0
 ---------- 
 numerical cuts : 
 all integrals :     0.00000001
 slicing       :     0.00001000
 subtraction   :     0.00010000
 small width   :     0.01000000
