 =================================================
 final state = nn
 ---------- 
 cm energy   =   13000.00
 ---------- 
 tan_beta =      9.40460
 ---------- 
 m_gluino =  10548.94150
 m_neut1  =    122.92059
 m_neut2  =   -127.01379
 m_neut3  =   1192.89067
 m_neut4  =   2530.47100
 m_char1  =    124.91155
 m_char2  =   2530.47063
 ---------- 
 m_sdl    =  10303.83980
 m_sdr    =  10303.71490
 m_sul    =  10303.55840
 m_sur    =  10303.62050
 m_sq8    =  10303.68340
 m_sq10   =  10303.70224
 m_sb1    =  10303.62770
 m_sb2    =  10303.92750
 A_b      =    100.00000
 sin(2b)  =      0.00000
 cos(2b)  =      0.00000
 m_st1    =  10187.68730
 m_st2    =  10308.52460
 A_t      =    100.00000
 sin(2t)  =      0.00000
 cos(2t)  =      0.00000
 ---------- 
 m_sel    =  10000.09630
 m_ser    =  10000.09730
 m_sne    =   9999.80640
 m_stau1  =   9999.97658
 m_stau2  =  10000.21730
 m_sntau  =   9999.80640
 A_l      =    251.73726
 sin(2l)  =      0.00000
 cos(2l)  =      0.00000
 ---------- 
 m_ha     =  10000.00000
 m_hl     =    125.61499
 m_hh     =  10000.05020
 m_hc     =  10000.77490
 sin(alp) =     -0.10576
 cos(alp) =      0.99439
 ---------- 
 Z_bw     =  0.032235  -0.024717   0.712474  -0.700522   0.000000   0.000000   0.000000   0.000000
             0.021448  -0.018384  -0.701638  -0.711974   0.000000   0.000000   0.000000   0.000000
             0.999250   0.002219  -0.007919   0.037849   0.000000   0.000000   0.000000   0.000000
             0.001027  -0.999523  -0.004731   0.030502   0.000000   0.000000   0.000000   0.000000
 ---------- 
 U        = -0.006686   0.999978
             0.999978   0.006686
 ---------- 
 V        = -0.043131   0.999069
             0.999069   0.043131
 ---------- 
 F (st)   =  0.038768   0.999248
            -0.999248   0.038768
 ---------- 
 F (sb)   =  0.540046   0.841635
            -0.841635   0.540046
 ---------- 
 F (sl)   =  0.708498   0.705713
            -0.705713   0.708498
 ---------- 
          flags : 
 isq_ng   =  1
 ipart1   =  2
 ipart2   =  2
 isquark1 =  0
 isquark2 =  0
 icoll    =  1
 isca     =  0
 imx      =  0
 ---------- 
 numerical cuts : 
 all integrals :     0.00000001
 slicing       :     0.00001000
 subtraction   :     0.00010000
 small width   :     0.01000000
