 =================================================
 final state = nn
 ---------- 
 cm energy   =   13000.00
 ---------- 
 tan_beta =      9.40461
 ---------- 
 m_gluino =  10548.94110
 m_neut1  =    143.66091
 m_neut2  =   -147.77192
 m_neut3  =   1192.88122
 m_neut4  =   2530.34819
 m_char1  =    145.66891
 m_char2  =   2530.34781
 ---------- 
 m_sdl    =  10303.83950
 m_sdr    =  10303.71460
 m_sul    =  10303.55830
 m_sur    =  10303.62020
 m_sq8    =  10303.68315
 m_sq10   =  10303.70198
 m_sb1    =  10303.60820
 m_sb2    =  10303.94640
 A_b      =    100.00000
 sin(2b)  =      0.00000
 cos(2b)  =      0.00000
 m_st1    =  10187.68630
 m_st2    =  10308.49120
 A_t      =    100.00000
 sin(2t)  =      0.00000
 cos(2t)  =      0.00000
 ---------- 
 m_sel    =  10000.09620
 m_ser    =  10000.09730
 m_sne    =   9999.80649
 m_stau1  =   9999.96012
 m_stau2  =  10000.23370
 m_sntau  =   9999.80649
 A_l      =    251.73726
 sin(2l)  =      0.00000
 cos(2l)  =      0.00000
 ---------- 
 m_ha     =  10000.00000
 m_hl     =    125.60443
 m_hh     =  10000.05010
 m_hc     =  10000.77460
 sin(alp) =     -0.10576
 cos(alp) =      0.99439
 ---------- 
 Z_bw     =  0.032902  -0.024948   0.711677  -0.701292   0.000000   0.000000   0.000000   0.000000
             0.021087  -0.018212  -0.702436  -0.711201   0.000000   0.000000   0.000000   0.000000
             0.999236   0.002235  -0.008604   0.038068   0.000000   0.000000   0.000000   0.000000
             0.001029  -0.999520  -0.004984   0.030548   0.000000   0.000000   0.000000   0.000000
 ---------- 
 U        = -0.007043   0.999975
             0.999975   0.007043
 ---------- 
 V        = -0.043196   0.999067
             0.999067   0.043196
 ---------- 
 F (st)   =  0.038868   0.999244
            -0.999244   0.038868
 ---------- 
 F (sb)   =  0.561594   0.827413
            -0.827413   0.561594
 ---------- 
 F (sl)   =  0.708423   0.705788
            -0.705788   0.708423
 ---------- 
          flags : 
 isq_ng   =  1
 ipart1   =  3
 ipart2   =  4
 isquark1 =  0
 isquark2 =  0
 icoll    =  1
 isca     =  0
 imx      =  0
 ---------- 
 numerical cuts : 
 all integrals :     0.00000001
 slicing       :     0.00001000
 subtraction   :     0.00010000
 small width   :     0.01000000
