 =================================================
 final state = nn
 ---------- 
 cm energy   =   13000.00
 ---------- 
 tan_beta =      9.39818
 ---------- 
 m_gluino =  10548.95020
 m_neut1  =    112.64760
 m_neut2  =   -130.20171
 m_neut3  =    305.03822
 m_neut4  =    663.54469
 m_char1  =    121.55852
 m_char2  =    663.52293
 ---------- 
 m_sdl    =  10303.84380
 m_sdr    =  10303.71900
 m_sul    =  10303.56300
 m_sur    =  10303.62570
 m_sq8    =  10303.68787
 m_sq10   =  10303.70663
 m_sb1    =  10303.63180
 m_sb2    =  10303.93150
 A_b      =    100.00000
 sin(2b)  =      0.00000
 cos(2b)  =      0.00000
 m_st1    =  10186.15270
 m_st2    =  10306.10770
 A_t      =    100.00000
 sin(2t)  =      0.00000
 cos(2t)  =      0.00000
 ---------- 
 m_sel    =  10000.09660
 m_ser    =  10000.09610
 m_sne    =   9999.80728
 m_stau1  =   9999.97622
 m_stau2  =  10000.21680
 m_sntau  =   9999.80728
 A_l      =    251.73726
 sin(2l)  =      0.00000
 cos(2l)  =      0.00000
 ---------- 
 m_ha     =  10000.00000
 m_hl     =    126.88964
 m_hh     =  10000.05150
 m_hc     =  10000.76680
 sin(alp) =     -0.10583
 cos(alp) =      0.99438
 ---------- 
 Z_bw     =  0.176470  -0.104401   0.721062  -0.661837   0.000000   0.000000   0.000000   0.000000
             0.066818  -0.063194  -0.687060  -0.720757   0.000000   0.000000   0.000000   0.000000
             0.981919   0.038353  -0.082292   0.166110   0.000000   0.000000   0.000000   0.000000
             0.015138  -0.991784  -0.035308   0.122017   0.000000   0.000000   0.000000   0.000000
 ---------- 
 U        = -0.049603   0.998769
             0.998769   0.049603
 ---------- 
 V        = -0.172218   0.985059
             0.985059   0.172218
 ---------- 
 F (st)   =  0.038107   0.999274
            -0.999274   0.038107
 ---------- 
 F (sb)   =  0.540116   0.841590
            -0.841590   0.540116
 ---------- 
 F (sl)   =  0.706381   0.707832
            -0.707832   0.706381
 ---------- 
          flags : 
 isq_ng   =  1
 ipart1   =  2
 ipart2   =  2
 isquark1 =  0
 isquark2 =  0
 icoll    =  1
 isca     =  0
 imx      =  0
 ---------- 
 numerical cuts : 
 all integrals :     0.00000001
 slicing       :     0.00001000
 subtraction   :     0.00010000
 small width   :     0.01000000
