 =================================================
 final state = nn
 ---------- 
 cm energy   =   13000.00
 ---------- 
 tan_beta =      9.40277
 ---------- 
 m_gluino =  10548.94690
 m_neut1  =    100.72673
 m_neut2  =   -106.84592
 m_neut3  =    796.38038
 m_neut4  =   1706.92681
 m_char1  =    103.70076
 m_char2  =   1706.92565
 ---------- 
 m_sdl    =  10303.84250
 m_sdr    =  10303.71750
 m_sul    =  10303.56110
 m_sur    =  10303.62340
 m_sq8    =  10303.68613
 m_sq10   =  10303.70495
 m_sb1    =  10303.64900
 m_sb2    =  10303.91150
 A_b      =    100.00000
 sin(2b)  =      0.00000
 cos(2b)  =      0.00000
 m_st1    =  10187.22220
 m_st2    =  10307.13650
 A_t      =    100.00000
 sin(2t)  =      0.00000
 cos(2t)  =      0.00000
 ---------- 
 m_sel    =  10000.09650
 m_ser    =  10000.09690
 m_sne    =   9999.80656
 m_stau1  =   9999.99293
 m_stau2  =  10000.20080
 m_sntau  =   9999.80656
 A_l      =    251.73726
 sin(2l)  =      0.00000
 cos(2l)  =      0.00000
 ---------- 
 m_ha     =  10000.00000
 m_hl     =    125.99876
 m_hh     =  10000.05070
 m_hc     =  10000.77300
 sin(alp) =     -0.10578
 cos(alp) =      0.99439
 ---------- 
 Z_bw     =  0.049261  -0.036843   0.716568  -0.694799   0.000000   0.000000   0.000000   0.000000
             0.031533  -0.027133  -0.697349  -0.715523   0.000000   0.000000   0.000000   0.000000
             0.998286   0.004914  -0.013315   0.056785   0.000000   0.000000   0.000000   0.000000
             0.002238  -0.998941  -0.007552   0.045340   0.000000   0.000000   0.000000   0.000000
 ---------- 
 U        = -0.010664   0.999943
             0.999943   0.010664
 ---------- 
 V        = -0.064101   0.997943
             0.997943   0.064101
 ---------- 
 F (st)   =  0.038525   0.999258
            -0.999258   0.038525
 ---------- 
 F (sb)   =  0.511762   0.859127
            -0.859127   0.511762
 ---------- 
 F (sl)   =  0.707844   0.706369
            -0.706369   0.707844
 ---------- 
          flags : 
 isq_ng   =  1
 ipart1   =  1
 ipart2   =  3
 isquark1 =  0
 isquark2 =  0
 icoll    =  1
 isca     =  0
 imx      =  0
 ---------- 
 numerical cuts : 
 all integrals :     0.00000001
 slicing       :     0.00001000
 subtraction   :     0.00010000
 small width   :     0.01000000
