 =================================================
 final state = nn
 ---------- 
 cm energy   =   13000.00
 ---------- 
 tan_beta =      9.40222
 ---------- 
 m_gluino =  10548.94640
 m_neut1  =    162.01675
 m_neut2  =   -169.24149
 m_neut3  =    697.49900
 m_neut4  =   1499.23757
 m_char1  =    165.62063
 m_char2  =   1499.23571
 ---------- 
 m_sdl    =  10303.84210
 m_sdr    =  10303.71730
 m_sul    =  10303.56120
 m_sur    =  10303.62330
 m_sq8    =  10303.68598
 m_sq10   =  10303.70476
 m_sb1    =  10303.59130
 m_sb2    =  10303.96850
 A_b      =    100.00000
 sin(2b)  =      0.00000
 cos(2b)  =      0.00000
 m_st1    =  10187.07800
 m_st2    =  10306.77810
 A_t      =    100.00000
 sin(2t)  =      0.00000
 cos(2t)  =      0.00000
 ---------- 
 m_sel    =  10000.09630
 m_ser    =  10000.09680
 m_sne    =   9999.80692
 m_stau1  =   9999.94354
 m_stau2  =  10000.24980
 m_sntau  =   9999.80692
 A_l      =    251.73726
 sin(2l)  =      0.00000
 cos(2l)  =      0.00000
 ---------- 
 m_ha     =  10000.00000
 m_hl     =    126.08551
 m_hh     =  10000.05030
 m_hc     =  10000.77230
 sin(alp) =     -0.10579
 cos(alp) =      0.99439
 ---------- 
 Z_bw     =  0.064196  -0.044323   0.713367  -0.696436   0.000000   0.000000   0.000000   0.000000
             0.032690  -0.029327  -0.700326  -0.712471   0.000000   0.000000   0.000000   0.000000
             0.997397   0.006759  -0.022928   0.068022   0.000000   0.000000   0.000000   0.000000
             0.002941  -0.998564  -0.011251   0.052298   0.000000   0.000000   0.000000   0.000000
 ---------- 
 U        = -0.015885   0.999874
             0.999874   0.015885
 ---------- 
 V        = -0.073929   0.997264
             0.997264   0.073929
 ---------- 
 F (st)   =  0.038762   0.999248
            -0.999248   0.038762
 ---------- 
 F (sb)   =  0.578464   0.815708
            -0.815708   0.578464
 ---------- 
 F (sl)   =  0.707701   0.706512
            -0.706512   0.707701
 ---------- 
          flags : 
 isq_ng   =  1
 ipart1   =  1
 ipart2   =  6
 isquark1 =  0
 isquark2 =  0
 icoll    =  1
 isca     =  0
 imx      =  0
 ---------- 
 numerical cuts : 
 all integrals :     0.00000001
 slicing       :     0.00001000
 subtraction   :     0.00010000
 small width   :     0.01000000
