 =================================================
 final state = nn
 ---------- 
 cm energy   =   13000.00
 ---------- 
 tan_beta =      9.40344
 ---------- 
 m_gluino =  10548.94340
 m_neut1  =    245.71029
 m_neut2  =   -251.47006
 m_neut3  =    895.45739
 m_neut4  =   1912.96405
 m_char1  =    248.62303
 m_char2  =   1912.96309
 ---------- 
 m_sdl    =  10303.84040
 m_sdr    =  10303.71580
 m_sul    =  10303.55990
 m_sur    =  10303.62170
 m_sq8    =  10303.68445
 m_sq10   =  10303.70324
 m_sb1    =  10303.50970
 m_sb2    =  10304.04710
 A_b      =    100.00000
 sin(2b)  =      0.00000
 cos(2b)  =      0.00000
 m_st1    =  10187.37380
 m_st2    =  10307.27580
 A_t      =    100.00000
 sin(2t)  =      0.00000
 cos(2t)  =      0.00000
 ---------- 
 m_sel    =  10000.09610
 m_ser    =  10000.09700
 m_sne    =   9999.80695
 m_stau1  =   9999.87784
 m_stau2  =  10000.31550
 m_sntau  =   9999.80695
 A_l      =    251.73726
 sin(2l)  =      0.00000
 cos(2l)  =      0.00000
 ---------- 
 m_ha     =  10000.00000
 m_hl     =    125.82359
 m_hh     =  10000.04940
 m_hc     =  10000.77320
 sin(alp) =     -0.10577
 cos(alp) =      0.99439
 ---------- 
 Z_bw     =  0.053149  -0.035689   0.710226  -0.701056   0.000000   0.000000   0.000000   0.000000
             0.024578  -0.022468  -0.703610  -0.709806   0.000000   0.000000   0.000000   0.000000
             0.998282   0.004290  -0.020472   0.054724   0.000000   0.000000   0.000000   0.000000
             0.001835  -0.999101  -0.009635   0.041240   0.000000   0.000000   0.000000   0.000000
 ---------- 
 U        = -0.013612   0.999907
             0.999907   0.013612
 ---------- 
 V        = -0.058306   0.998299
             0.998299   0.058306
 ---------- 
 F (st)   =  0.039273   0.999229
            -0.999229   0.039273
 ---------- 
 F (sb)   =  0.619734   0.784812
            -0.784812   0.619734
 ---------- 
 F (sl)   =  0.707867   0.706345
            -0.706345   0.707867
 ---------- 
          flags : 
 isq_ng   =  1
 ipart1   =  1
 ipart2   =  3
 isquark1 =  0
 isquark2 =  0
 icoll    =  1
 isca     =  0
 imx      =  0
 ---------- 
 numerical cuts : 
 all integrals :     0.00000001
 slicing       :     0.00001000
 subtraction   :     0.00010000
 small width   :     0.01000000
