 =================================================
 final state = nn
 ---------- 
 cm energy   =   13000.00
 ---------- 
 tan_beta =      9.39964
 ---------- 
 m_gluino =  10548.94870
 m_neut1  =    156.93450
 m_neut2  =   -170.45365
 m_neut3  =    402.55929
 m_neut4  =    873.24752
 m_char1  =    163.93956
 m_char2  =    873.23732
 ---------- 
 m_sdl    =  10303.84300
 m_sdr    =  10303.71830
 m_sul    =  10303.56240
 m_sur    =  10303.62480
 m_sq8    =  10303.68713
 m_sq10   =  10303.70589
 m_sb1    =  10303.59240
 m_sb2    =  10303.96950
 A_b      =    100.00000
 sin(2b)  =      0.00000
 cos(2b)  =      0.00000
 m_st1    =  10186.47850
 m_st2    =  10306.19770
 A_t      =    100.00000
 sin(2t)  =      0.00000
 cos(2t)  =      0.00000
 ---------- 
 m_sel    =  10000.09640
 m_ser    =  10000.09630
 m_sne    =   9999.80725
 m_stau1  =   9999.94342
 m_stau2  =  10000.24960
 m_sntau  =   9999.80725
 A_l      =    251.73726
 sin(2l)  =      0.00000
 cos(2l)  =      0.00000
 ---------- 
 m_ha     =  10000.00000
 m_hl     =    126.59753
 m_hh     =  10000.05090
 m_hc     =  10000.76870
 sin(alp) =     -0.10582
 cos(alp) =      0.99439
 ---------- 
 Z_bw     =  0.139472  -0.081611   0.714718  -0.680489   0.000000   0.000000   0.000000   0.000000
             0.049912  -0.047296  -0.695820  -0.714917   0.000000   0.000000   0.000000   0.000000
             0.988928   0.022809  -0.065438   0.131224   0.000000   0.000000   0.000000   0.000000
             0.008856  -0.995280  -0.027040   0.092780   0.000000   0.000000   0.000000   0.000000
 ---------- 
 U        = -0.038090   0.999274
             0.999274   0.038090
 ---------- 
 V        = -0.131045   0.991376
             0.991376   0.131045
 ---------- 
 F (st)   =  0.038458   0.999260
            -0.999260   0.038458
 ---------- 
 F (sb)   =  0.578468   0.815705
            -0.815705   0.578468
 ---------- 
 F (sl)   =  0.707029   0.707184
            -0.707184   0.707029
 ---------- 
          flags : 
 isq_ng   =  1
 ipart1   =  1
 ipart2   =  2
 isquark1 =  0
 isquark2 =  0
 icoll    =  1
 isca     =  0
 imx      =  0
 ---------- 
 numerical cuts : 
 all integrals :     0.00000001
 slicing       :     0.00001000
 subtraction   :     0.00010000
 small width   :     0.01000000
