 =================================================
 final state = nn
 ---------- 
 cm energy   =   13000.00
 ---------- 
 tan_beta =      9.40425
 ---------- 
 m_gluino =  10548.94210
 m_neut1  =    164.08417
 m_neut2  =   -168.59785
 m_neut3  =   1093.67838
 m_neut4  =   2325.11209
 m_char1  =    166.30216
 m_char2  =   2325.11160
 ---------- 
 m_sdl    =  10303.84000
 m_sdr    =  10303.71520
 m_sul    =  10303.55890
 m_sur    =  10303.62080
 m_sq8    =  10303.68373
 m_sq10   =  10303.70254
 m_sb1    =  10303.58920
 m_sb2    =  10303.96640
 A_b      =    100.00000
 sin(2b)  =      0.00000
 cos(2b)  =      0.00000
 m_st1    =  10187.58500
 m_st2    =  10308.04660
 A_t      =    100.00000
 sin(2t)  =      0.00000
 cos(2t)  =      0.00000
 ---------- 
 m_sel    =  10000.09620
 m_ser    =  10000.09720
 m_sne    =   9999.80662
 m_stau1  =   9999.94365
 m_stau2  =  10000.25000
 m_sntau  =   9999.80662
 A_l      =    251.73726
 sin(2l)  =      0.00000
 cos(2l)  =      0.00000
 ---------- 
 m_ha     =  10000.00000
 m_hl     =    125.67339
 m_hh     =  10000.04990
 m_hc     =  10000.77420
 sin(alp) =     -0.10576
 cos(alp) =      0.99439
 ---------- 
 Z_bw     =  0.037132  -0.027549   0.711400  -0.701265   0.000000   0.000000   0.000000   0.000000
             0.022380  -0.019545  -0.702682  -0.710884   0.000000   0.000000   0.000000   0.000000
             0.999059   0.002683  -0.010693   0.041948   0.000000   0.000000   0.000000   0.000000
             0.001221  -0.999426  -0.005896   0.033345   0.000000   0.000000   0.000000   0.000000
 ---------- 
 U        = -0.008332   0.999965
             0.999965   0.008332
 ---------- 
 V        = -0.047149   0.998888
             0.998888   0.047149
 ---------- 
 F (st)   =  0.038953   0.999241
            -0.999241   0.038953
 ---------- 
 F (sb)   =  0.578441   0.815724
            -0.815724   0.578441
 ---------- 
 F (sl)   =  0.708244   0.705968
            -0.705968   0.708244
 ---------- 
          flags : 
 isq_ng   =  1
 ipart1   =  2
 ipart2   =  4
 isquark1 =  0
 isquark2 =  0
 icoll    =  1
 isca     =  0
 imx      =  0
 ---------- 
 numerical cuts : 
 all integrals :     0.00000001
 slicing       :     0.00001000
 subtraction   :     0.00010000
 small width   :     0.01000000
