 =================================================
 final state = nn
 ---------- 
 cm energy   =   13000.00
 ---------- 
 tan_beta =      9.39826
 ---------- 
 m_gluino =  10548.94980
 m_neut1  =    132.35475
 m_neut2  =   -150.74474
 m_neut3  =    305.62700
 m_neut4  =    663.59399
 m_char1  =    141.94738
 m_char2  =    663.57059
 ---------- 
 m_sdl    =  10303.84360
 m_sdr    =  10303.71880
 m_sul    =  10303.56290
 m_sur    =  10303.62550
 m_sq8    =  10303.68770
 m_sq10   =  10303.70644
 m_sb1    =  10303.61240
 m_sb2    =  10303.95040
 A_b      =    100.00000
 sin(2b)  =      0.00000
 cos(2b)  =      0.00000
 m_st1    =  10186.16880
 m_st2    =  10306.08440
 A_t      =    100.00000
 sin(2t)  =      0.00000
 cos(2t)  =      0.00000
 ---------- 
 m_sel    =  10000.09650
 m_ser    =  10000.09610
 m_sne    =   9999.80735
 m_stau1  =   9999.95979
 m_stau2  =  10000.23320
 m_sntau  =   9999.80735
 A_l      =    251.73726
 sin(2l)  =      0.00000
 cos(2l)  =      0.00000
 ---------- 
 m_ha     =  10000.00000
 m_hl     =    126.87145
 m_hh     =  10000.05130
 m_hc     =  10000.76700
 sin(alp) =     -0.10583
 cos(alp) =      0.99438
 ---------- 
 Z_bw     =  0.197314  -0.108172   0.715679  -0.661188   0.000000   0.000000   0.000000   0.000000
             0.063474  -0.061299  -0.690252  -0.718168   0.000000   0.000000   0.000000   0.000000
             0.978162   0.041431  -0.098951   0.178022   0.000000   0.000000   0.000000   0.000000
             0.015425  -0.991375  -0.039546   0.123990   0.000000   0.000000   0.000000   0.000000
 ---------- 
 U        = -0.055575   0.998455
             0.998455   0.055575
 ---------- 
 V        = -0.174981   0.984572
             0.984572   0.174981
 ---------- 
 F (st)   =  0.038210   0.999270
            -0.999270   0.038210
 ---------- 
 F (sb)   =  0.561634   0.827386
            -0.827386   0.561634
 ---------- 
 F (sl)   =  0.706557   0.707656
            -0.707656   0.706557
 ---------- 
          flags : 
 isq_ng   =  1
 ipart1   =  3
 ipart2   =  4
 isquark1 =  0
 isquark2 =  0
 icoll    =  1
 isca     =  0
 imx      =  0
 ---------- 
 numerical cuts : 
 all integrals :     0.00000001
 slicing       :     0.00001000
 subtraction   :     0.00010000
 small width   :     0.01000000
