 =================================================
 final state = nn
 ---------- 
 cm energy   =   13000.00
 ---------- 
 tan_beta =      9.40386
 ---------- 
 m_gluino =  10548.94270
 m_neut1  =    205.02860
 m_neut2  =   -210.07777
 m_neut3  =    994.52214
 m_neut4  =   2119.29333
 m_char1  =    207.54039
 m_char2  =   2119.29266
 ---------- 
 m_sdl    =  10303.84020
 m_sdr    =  10303.71550
 m_sul    =  10303.55940
 m_sur    =  10303.62130
 m_sq8    =  10303.68410
 m_sq10   =  10303.70290
 m_sb1    =  10303.54970
 m_sb2    =  10304.00650
 A_b      =    100.00000
 sin(2b)  =      0.00000
 cos(2b)  =      0.00000
 m_st1    =  10187.48100
 m_st2    =  10307.63370
 A_t      =    100.00000
 sin(2t)  =      0.00000
 cos(2t)  =      0.00000
 ---------- 
 m_sel    =  10000.09610
 m_ser    =  10000.09710
 m_sne    =   9999.80680
 m_stau1  =   9999.91074
 m_stau2  =  10000.28280
 m_sntau  =   9999.80680
 A_l      =    251.73726
 sin(2l)  =      0.00000
 cos(2l)  =      0.00000
 ---------- 
 m_ha     =  10000.00000
 m_hl     =    125.74317
 m_hh     =  10000.04960
 m_hc     =  10000.77370
 sin(alp) =     -0.10577
 cos(alp) =      0.99439
 ---------- 
 Z_bw     =  0.043735  -0.031098   0.710738  -0.701407   0.000000   0.000000   0.000000   0.000000
             0.023420  -0.020895  -0.703265  -0.710235   0.000000   0.000000   0.000000   0.000000
             0.998768   0.003332  -0.014621   0.047314   0.000000   0.000000   0.000000   0.000000
             0.001480  -0.999292  -0.007462   0.036837   0.000000   0.000000   0.000000   0.000000
 ---------- 
 U        = -0.010543   0.999944
             0.999944   0.010543
 ---------- 
 V        = -0.052083   0.998643
             0.998643   0.052083
 ---------- 
 F (st)   =  0.039120   0.999235
            -0.999235   0.039120
 ---------- 
 F (sb)   =  0.602914   0.797806
            -0.797806   0.602914
 ---------- 
 F (sl)   =  0.708037   0.706175
            -0.706175   0.708037
 ---------- 
          flags : 
 isq_ng   =  1
 ipart1   =  4
 ipart2   =  5
 isquark1 =  0
 isquark2 =  0
 icoll    =  1
 isca     =  0
 imx      =  0
 ---------- 
 numerical cuts : 
 all integrals :     0.00000001
 slicing       :     0.00001000
 subtraction   :     0.00010000
 small width   :     0.01000000
