 =================================================
 final state = nn
 ---------- 
 cm energy   =   13000.00
 ---------- 
 tan_beta =      9.39958
 ---------- 
 m_gluino =  10548.94910
 m_neut1  =    136.75435
 m_neut2  =   -149.85217
 m_neut3  =    402.28474
 m_neut4  =    873.27810
 m_char1  =    143.41737
 m_char2  =    873.26844
 ---------- 
 m_sdl    =  10303.84330
 m_sdr    =  10303.71850
 m_sul    =  10303.56250
 m_sur    =  10303.62500
 m_sq8    =  10303.68733
 m_sq10   =  10303.70609
 m_sb1    =  10303.61210
 m_sb2    =  10303.95020
 A_b      =    100.00000
 sin(2b)  =      0.00000
 cos(2b)  =      0.00000
 m_st1    =  10186.46730
 m_st2    =  10306.21730
 A_t      =    100.00000
 sin(2t)  =      0.00000
 cos(2t)  =      0.00000
 ---------- 
 m_sel    =  10000.09650
 m_ser    =  10000.09630
 m_sne    =   9999.80719
 m_stau1  =   9999.95985
 m_stau2  =  10000.23330
 m_sntau  =   9999.80719
 A_l      =    251.73726
 sin(2l)  =      0.00000
 cos(2l)  =      0.00000
 ---------- 
 m_ha     =  10000.00000
 m_hl     =    126.61175
 m_hh     =  10000.05100
 m_hc     =  10000.76850
 sin(alp) =     -0.10582
 cos(alp) =      0.99439
 ---------- 
 Z_bw     =  0.128602  -0.079351   0.717300  -0.680181   0.000000   0.000000   0.000000   0.000000
             0.051929  -0.048388  -0.694029  -0.716440   0.000000   0.000000   0.000000   0.000000
             0.990297   0.021626  -0.056539   0.125088   0.000000   0.000000   0.000000   0.000000
             0.008739  -0.995437  -0.024671   0.091764   0.000000   0.000000   0.000000   0.000000
 ---------- 
 U        = -0.034747   0.999396
             0.999396   0.034747
 ---------- 
 V        = -0.129618   0.991564
             0.991564   0.129618
 ---------- 
 F (st)   =  0.038357   0.999264
            -0.999264   0.038357
 ---------- 
 F (sb)   =  0.561645   0.827378
            -0.827378   0.561645
 ---------- 
 F (sl)   =  0.706946   0.707268
            -0.707268   0.706946
 ---------- 
          flags : 
 isq_ng   =  1
 ipart1   =  1
 ipart2   =  5
 isquark1 =  0
 isquark2 =  0
 icoll    =  1
 isca     =  0
 imx      =  0
 ---------- 
 numerical cuts : 
 all integrals :     0.00000001
 slicing       :     0.00001000
 subtraction   :     0.00010000
 small width   :     0.01000000
