 =================================================
 final state = nn
 ---------- 
 cm energy   =   13000.00
 ---------- 
 tan_beta =      9.40154
 ---------- 
 m_gluino =  10548.94700
 m_neut1  =    181.49868
 m_neut2  =   -190.17147
 m_neut3  =    598.83875
 m_neut4  =   1291.15291
 m_char1  =    185.90196
 m_char2  =   1291.14986
 ---------- 
 m_sdl    =  10303.84220
 m_sdr    =  10303.71750
 m_sul    =  10303.56160
 m_sur    =  10303.62370
 m_sq8    =  10303.68625
 m_sq10   =  10303.70503
 m_sb1    =  10303.57180
 m_sb2    =  10303.98850
 A_b      =    100.00000
 sin(2b)  =      0.00000
 cos(2b)  =      0.00000
 m_st1    =  10186.91620
 m_st2    =  10306.53440
 A_t      =    100.00000
 sin(2t)  =      0.00000
 cos(2t)  =      0.00000
 ---------- 
 m_sel    =  10000.09630
 m_ser    =  10000.09670
 m_sne    =   9999.80707
 m_stau1  =   9999.92707
 m_stau2  =  10000.26620
 m_sntau  =   9999.80707
 A_l      =    251.73726
 sin(2l)  =      0.00000
 cos(2l)  =      0.00000
 ---------- 
 m_ha     =  10000.00000
 m_hl     =    126.21659
 m_hh     =  10000.05030
 m_hc     =  10000.77150
 sin(alp) =     -0.10579
 cos(alp) =      0.99439
 ---------- 
 Z_bw     =  0.082358  -0.053315   0.712979  -0.694287   0.000000   0.000000   0.000000   0.000000
             0.035920  -0.033039  -0.700212  -0.712265   0.000000   0.000000   0.000000   0.000000
             0.995947   0.009616  -0.033643   0.082854   0.000000   0.000000   0.000000   0.000000
             0.004008  -0.997985  -0.015232   0.061469   0.000000   0.000000   0.000000   0.000000
 ---------- 
 U        = -0.021498   0.999769
             0.999769   0.021498
 ---------- 
 V        = -0.086879   0.996219
             0.996219   0.086879
 ---------- 
 F (st)   =  0.038778   0.999248
            -0.999248   0.038778
 ---------- 
 F (sb)   =  0.591934   0.805987
            -0.805987   0.591934
 ---------- 
 F (sl)   =  0.707528   0.706685
            -0.706685   0.707528
 ---------- 
          flags : 
 isq_ng   =  1
 ipart1   =  2
 ipart2   =  4
 isquark1 =  0
 isquark2 =  0
 icoll    =  1
 isca     =  0
 imx      =  0
 ---------- 
 numerical cuts : 
 all integrals :     0.00000001
 slicing       :     0.00001000
 subtraction   :     0.00010000
 small width   :     0.01000000
