 =================================================
 final state = nn
 ---------- 
 cm energy   =   13000.00
 ---------- 
 tan_beta =      9.40336
 ---------- 
 m_gluino =  10548.94450
 m_neut1  =    163.30161
 m_neut2  =   -168.85077
 m_neut3  =    895.42784
 m_neut4  =   1913.32413
 m_char1  =    166.04380
 m_char2  =   1913.32325
 ---------- 
 m_sdl    =  10303.84110
 m_sdr    =  10303.71640
 m_sul    =  10303.56020
 m_sur    =  10303.62220
 m_sq8    =  10303.68497
 m_sq10   =  10303.70378
 m_sb1    =  10303.59040
 m_sb2    =  10303.96760
 A_b      =    100.00000
 sin(2b)  =      0.00000
 cos(2b)  =      0.00000
 m_st1    =  10187.35680
 m_st2    =  10307.33540
 A_t      =    100.00000
 sin(2t)  =      0.00000
 cos(2t)  =      0.00000
 ---------- 
 m_sel    =  10000.09620
 m_ser    =  10000.09700
 m_sne    =   9999.80675
 m_stau1  =   9999.94360
 m_stau2  =  10000.24990
 m_sntau  =   9999.80675
 A_l      =    251.73726
 sin(2l)  =      0.00000
 cos(2l)  =      0.00000
 ---------- 
 m_ha     =  10000.00000
 m_hl     =    125.85527
 m_hh     =  10000.05000
 m_hc     =  10000.77360
 sin(alp) =     -0.10577
 cos(alp) =      0.99439
 ---------- 
 Z_bw     =  0.047063  -0.033963   0.712223  -0.699550   0.000000   0.000000   0.000000   0.000000
             0.026570  -0.023443  -0.701752  -0.711540   0.000000   0.000000   0.000000   0.000000
             0.998537   0.004028  -0.014882   0.051831   0.000000   0.000000   0.000000   0.000000
             0.001802  -0.999140  -0.007804   0.040683   0.000000   0.000000   0.000000   0.000000
 ---------- 
 U        = -0.011025   0.999939
             0.999939   0.011025
 ---------- 
 V        = -0.057520   0.998344
             0.998344   0.057520
 ---------- 
 F (st)   =  0.038885   0.999244
            -0.999244   0.038885
 ---------- 
 F (sb)   =  0.578452   0.815716
            -0.815716   0.578452
 ---------- 
 F (sl)   =  0.708003   0.706209
            -0.706209   0.708003
 ---------- 
          flags : 
 isq_ng   =  1
 ipart1   =  5
 ipart2   =  7
 isquark1 =  0
 isquark2 =  0
 icoll    =  1
 isca     =  0
 imx      =  0
 ---------- 
 numerical cuts : 
 all integrals :     0.00000001
 slicing       :     0.00001000
 subtraction   :     0.00010000
 small width   :     0.01000000
