 =================================================
 final state = nn
 ---------- 
 cm energy   =   13000.00
 ---------- 
 tan_beta =      9.40214
 ---------- 
 m_gluino =  10548.94780
 m_neut1  =    100.10502
 m_neut2  =   -107.10764
 m_neut3  =    697.43050
 m_neut4  =   1499.55698
 m_char1  =    103.51386
 m_char2  =   1499.55527
 ---------- 
 m_sdl    =  10303.84290
 m_sdr    =  10303.71790
 m_sul    =  10303.56160
 m_sur    =  10303.62400
 m_sq8    =  10303.68660
 m_sq10   =  10303.70542
 m_sb1    =  10303.64940
 m_sb2    =  10303.91200
 A_b      =    100.00000
 sin(2b)  =      0.00000
 cos(2b)  =      0.00000
 m_st1    =  10187.07170
 m_st2    =  10306.87410
 A_t      =    100.00000
 sin(2t)  =      0.00000
 cos(2t)  =      0.00000
 ---------- 
 m_sel    =  10000.09650
 m_ser    =  10000.09680
 m_sne    =   9999.80666
 m_stau1  =   9999.99289
 m_stau2  =  10000.20080
 m_sntau  =   9999.80666
 A_l      =    251.73726
 sin(2l)  =      0.00000
 cos(2l)  =      0.00000
 ---------- 
 m_ha     =  10000.00000
 m_hl     =    126.12273
 m_hh     =  10000.05080
 m_hc     =  10000.77200
 sin(alp) =     -0.10579
 cos(alp) =      0.99439
 ---------- 
 Z_bw     =  0.057256  -0.042198   0.717786  -0.692622   0.000000   0.000000   0.000000   0.000000
             0.035471  -0.030698  -0.696012  -0.716497   0.000000   0.000000   0.000000   0.000000
             0.997725   0.006411  -0.016420   0.065070   0.000000   0.000000   0.000000   0.000000
             0.002895  -0.998617  -0.009041   0.051710   0.000000   0.000000   0.000000   0.000000
 ---------- 
 U        = -0.012761   0.999919
             0.999919   0.012761
 ---------- 
 V        = -0.073101   0.997325
             0.997325   0.073101
 ---------- 
 F (st)   =  0.038456   0.999260
            -0.999260   0.038456
 ---------- 
 F (sb)   =  0.511776   0.859119
            -0.859119   0.511776
 ---------- 
 F (sl)   =  0.707608   0.706605
            -0.706605   0.707608
 ---------- 
          flags : 
 isq_ng   =  1
 ipart1   =  2
 ipart2   =  8
 isquark1 =  0
 isquark2 =  0
 icoll    =  1
 isca     =  0
 imx      =  0
 ---------- 
 numerical cuts : 
 all integrals :     0.00000001
 slicing       :     0.00001000
 subtraction   :     0.00010000
 small width   :     0.01000000
