 =================================================
 final state = nn
 ---------- 
 cm energy   =   13000.00
 ---------- 
 tan_beta =      9.39871
 ---------- 
 m_gluino =  10548.94840
 m_neut1  =    225.17415
 m_neut2  =   -253.29981
 m_neut3  =    313.90951
 m_neut4  =    664.25340
 m_char1  =    243.17170
 m_char2  =    664.21830
 ---------- 
 m_sdl    =  10303.84280
 m_sdr    =  10303.71820
 m_sul    =  10303.56250
 m_sur    =  10303.62490
 m_sq8    =  10303.68710
 m_sq10   =  10303.70583
 m_sb1    =  10303.51220
 m_sb2    =  10304.04930
 A_b      =    100.00000
 sin(2b)  =      0.00000
 cos(2b)  =      0.00000
 m_st1    =  10186.27120
 m_st2    =  10306.04430
 A_t      =    100.00000
 sin(2t)  =      0.00000
 cos(2t)  =      0.00000
 ---------- 
 m_sel    =  10000.09630
 m_ser    =  10000.09610
 m_sne    =   9999.80751
 m_stau1  =   9999.87772
 m_stau2  =  10000.31510
 m_sntau  =   9999.80751
 A_l      =    251.73726
 sin(2l)  =      0.00000
 cos(2l)  =      0.00000
 ---------- 
 m_ha     =  10000.00000
 m_hl     =    126.78736
 m_hh     =  10000.05070
 m_hc     =  10000.76810
 sin(alp) =     -0.10583
 cos(alp) =      0.99438
 ---------- 
 Z_bw     =  0.417482  -0.121611   0.662316  -0.610129   0.000000   0.000000   0.000000   0.000000
             0.051111  -0.053800  -0.698114  -0.712130   0.000000   0.000000   0.000000   0.000000
             0.907078   0.078087  -0.264250   0.318252   0.000000   0.000000   0.000000   0.000000
             0.017521  -0.988038  -0.064391   0.139026   0.000000   0.000000   0.000000   0.000000
 ---------- 
 U        = -0.090559   0.995891
             0.995891   0.090559
 ---------- 
 V        = -0.196066   0.980591
             0.980591   0.196066
 ---------- 
 F (st)   =  0.038709   0.999251
            -0.999251   0.038709
 ---------- 
 F (sb)   =  0.619684   0.784852
            -0.784852   0.619684
 ---------- 
 F (sl)   =  0.706941   0.707273
            -0.707273   0.706941
 ---------- 
          flags : 
 isq_ng   =  1
 ipart1   =  1
 ipart2   =  1
 isquark1 =  0
 isquark2 =  0
 icoll    =  1
 isca     =  0
 imx      =  0
 ---------- 
 numerical cuts : 
 all integrals :     0.00000001
 slicing       :     0.00001000
 subtraction   :     0.00010000
 small width   :     0.01000000
