 =================================================
 final state = nn
 ---------- 
 cm energy   =   13000.00
 ---------- 
 tan_beta =      9.40148
 ---------- 
 m_gluino =  10548.94760
 m_neut1  =    140.45786
 m_neut2  =   -148.85866
 m_neut3  =    598.71123
 m_neut4  =   1291.31740
 m_char1  =    144.63896
 m_char2  =   1291.31455
 ---------- 
 m_sdl    =  10303.84270
 m_sdr    =  10303.71790
 m_sul    =  10303.56180
 m_sur    =  10303.62400
 m_sq8    =  10303.68660
 m_sq10   =  10303.70539
 m_sb1    =  10303.61150
 m_sb2    =  10303.94960
 A_b      =    100.00000
 sin(2b)  =      0.00000
 cos(2b)  =      0.00000
 m_st1    =  10186.90470
 m_st2    =  10306.57520
 A_t      =    100.00000
 sin(2t)  =      0.00000
 cos(2t)  =      0.00000
 ---------- 
 m_sel    =  10000.09640
 m_ser    =  10000.09670
 m_sne    =   9999.80695
 m_stau1  =   9999.95994
 m_stau2  =  10000.23340
 m_sntau  =   9999.80695
 A_l      =    251.73726
 sin(2l)  =      0.00000
 cos(2l)  =      0.00000
 ---------- 
 m_ha     =  10000.00000
 m_hl     =    126.23871
 m_hh     =  10000.05060
 m_hc     =  10000.77120
 sin(alp) =     -0.10580
 cos(alp) =      0.99439
 ---------- 
 Z_bw     =  0.074795  -0.051335   0.715381  -0.692820   0.000000   0.000000   0.000000   0.000000
             0.038040  -0.034113  -0.698088  -0.714186   0.000000   0.000000   0.000000   0.000000
             0.996465   0.009110  -0.026995   0.079026   0.000000   0.000000   0.000000   0.000000
             0.003949  -0.998057  -0.013182   0.060767   0.000000   0.000000   0.000000   0.000000
 ---------- 
 U        = -0.018601   0.999827
             0.999827   0.018601
 ---------- 
 V        = -0.085890   0.996305
             0.996305   0.085890
 ---------- 
 F (st)   =  0.038579   0.999256
            -0.999256   0.038579
 ---------- 
 F (sb)   =  0.561638   0.827383
            -0.827383   0.561638
 ---------- 
 F (sl)   =  0.707491   0.706723
            -0.706723   0.707491
 ---------- 
          flags : 
 isq_ng   =  1
 ipart1   =  4
 ipart2   =  5
 isquark1 =  0
 isquark2 =  0
 icoll    =  1
 isca     =  0
 imx      =  0
 ---------- 
 numerical cuts : 
 all integrals :     0.00000001
 slicing       :     0.00001000
 subtraction   :     0.00010000
 small width   :     0.01000000
