 =================================================
 final state = nn
 ---------- 
 cm energy   =   13000.00
 ---------- 
 tan_beta =      9.40075
 ---------- 
 m_gluino =  10548.94740
 m_neut1  =    200.16239
 m_neut2  =   -211.13352
 m_neut3  =    500.67050
 m_neut4  =   1082.43544
 m_char1  =    205.89890
 m_char2  =   1082.42986
 ---------- 
 m_sdl    =  10303.84240
 m_sdr    =  10303.71770
 m_sul    =  10303.56190
 m_sur    =  10303.62410
 m_sq8    =  10303.68653
 m_sq10   =  10303.70528
 m_sb1    =  10303.55200
 m_sb2    =  10304.00860
 A_b      =    100.00000
 sin(2b)  =      0.00000
 cos(2b)  =      0.00000
 m_st1    =  10186.73260
 m_st2    =  10306.33010
 A_t      =    100.00000
 sin(2t)  =      0.00000
 cos(2t)  =      0.00000
 ---------- 
 m_sel    =  10000.09630
 m_ser    =  10000.09650
 m_sne    =   9999.80722
 m_stau1  =   9999.91060
 m_stau2  =  10000.28250
 m_sntau  =   9999.80722
 A_l      =    251.73726
 sin(2l)  =      0.00000
 cos(2l)  =      0.00000
 ---------- 
 m_ha     =  10000.00000
 m_hl     =    126.37163
 m_hh     =  10000.05030
 m_hc     =  10000.77050
 sin(alp) =     -0.10580
 cos(alp) =      0.99439
 ---------- 
 Z_bw     =  0.114465  -0.066783   0.711904  -0.689660   0.000000   0.000000   0.000000   0.000000
             0.039869  -0.037869  -0.699866  -0.712154   0.000000   0.000000   0.000000   0.000000
             0.992610   0.015061  -0.053855   0.107696   0.000000   0.000000   0.000000   0.000000
             0.005814  -0.996935  -0.021918   0.074878   0.000000   0.000000   0.000000   0.000000
 ---------- 
 U        = -0.030917   0.999522
             0.999522   0.030917
 ---------- 
 V        = -0.105802   0.994387
             0.994387   0.105802
 ---------- 
 F (st)   =  0.038776   0.999248
            -0.999248   0.038776
 ---------- 
 F (sb)   =  0.602921   0.797801
            -0.797801   0.602921
 ---------- 
 F (sl)   =  0.707351   0.706862
            -0.706862   0.707351
 ---------- 
          flags : 
 isq_ng   =  1
 ipart1   =  1
 ipart2   =  4
 isquark1 =  0
 isquark2 =  0
 icoll    =  1
 isca     =  0
 imx      =  0
 ---------- 
 numerical cuts : 
 all integrals :     0.00000001
 slicing       :     0.00001000
 subtraction   :     0.00010000
 small width   :     0.01000000
