 =================================================
 final state = nn
 ---------- 
 cm energy   =   13000.00
 ---------- 
 tan_beta =      9.40066
 ---------- 
 m_gluino =  10548.94800
 m_neut1  =    159.47382
 m_neut2  =   -169.90994
 m_neut3  =    500.35012
 m_neut4  =   1082.55062
 m_char1  =    164.77929
 m_char2  =   1082.54549
 ---------- 
 m_sdl    =  10303.84280
 m_sdr    =  10303.71800
 m_sul    =  10303.56210
 m_sur    =  10303.62430
 m_sq8    =  10303.68680
 m_sq10   =  10303.70557
 m_sb1    =  10303.59210
 m_sb2    =  10303.96920
 A_b      =    100.00000
 sin(2b)  =      0.00000
 cos(2b)  =      0.00000
 m_st1    =  10186.71370
 m_st2    =  10306.35920
 A_t      =    100.00000
 sin(2t)  =      0.00000
 cos(2t)  =      0.00000
 ---------- 
 m_sel    =  10000.09640
 m_ser    =  10000.09650
 m_sne    =   9999.80712
 m_stau1  =   9999.94346
 m_stau2  =  10000.24970
 m_sntau  =   9999.80712
 A_l      =    251.73726
 sin(2l)  =      0.00000
 cos(2l)  =      0.00000
 ---------- 
 m_ha     =  10000.00000
 m_hl     =    126.39443
 m_hh     =  10000.05060
 m_hc     =  10000.77010
 sin(alp) =     -0.10580
 cos(alp) =      0.99439
 ---------- 
 Z_bw     =  0.100561  -0.063810   0.714726  -0.689190   0.000000   0.000000   0.000000   0.000000
             0.042463  -0.039247  -0.697864  -0.713892   0.000000   0.000000   0.000000   0.000000
             0.994008   0.013842  -0.042387   0.099799   0.000000   0.000000   0.000000   0.000000
             0.005692  -0.997094  -0.018860   0.073591   0.000000   0.000000   0.000000   0.000000
 ---------- 
 U        = -0.026597   0.999646
             0.999646   0.026597
 ---------- 
 V        = -0.103989   0.994578
             0.994578   0.103989
 ---------- 
 F (st)   =  0.038578   0.999256
            -0.999256   0.038578
 ---------- 
 F (sb)   =  0.578471   0.815703
            -0.815703   0.578471
 ---------- 
 F (sl)   =  0.707297   0.706916
            -0.706916   0.707297
 ---------- 
          flags : 
 isq_ng   =  1
 ipart1   =  1
 ipart2   =  4
 isquark1 =  0
 isquark2 =  0
 icoll    =  1
 isca     =  0
 imx      =  0
 ---------- 
 numerical cuts : 
 all integrals :     0.00000001
 slicing       :     0.00001000
 subtraction   :     0.00010000
 small width   :     0.01000000
