 =================================================
 final state = nn
 ---------- 
 cm energy   =   13000.00
 ---------- 
 tan_beta =      9.40283
 ---------- 
 m_gluino =  10548.94550
 m_neut1  =    162.74883
 m_neut2  =   -169.02308
 m_neut3  =    796.40691
 m_neut4  =   1706.58858
 m_char1  =    165.86182
 m_char2  =   1706.58733
 ---------- 
 m_sdl    =  10303.84160
 m_sdr    =  10303.71690
 m_sul    =  10303.56070
 m_sur    =  10303.62280
 m_sq8    =  10303.68550
 m_sq10   =  10303.70430
 m_sb1    =  10303.59090
 m_sb2    =  10303.96810
 A_b      =    100.00000
 sin(2b)  =      0.00000
 cos(2b)  =      0.00000
 m_st1    =  10187.22540
 m_st2    =  10307.03850
 A_t      =    100.00000
 sin(2t)  =      0.00000
 cos(2t)  =      0.00000
 ---------- 
 m_sel    =  10000.09630
 m_ser    =  10000.09690
 m_sne    =   9999.80683
 m_stau1  =   9999.94357
 m_stau2  =  10000.24990
 m_sntau  =   9999.80683
 A_l      =    251.73726
 sin(2l)  =      0.00000
 cos(2l)  =      0.00000
 ---------- 
 m_ha     =  10000.00000
 m_hl     =    125.96295
 m_hh     =  10000.05010
 m_hc     =  10000.77310
 sin(alp) =     -0.10578
 cos(alp) =      0.99439
 ---------- 
 Z_bw     =  0.054318  -0.038453   0.712749  -0.698255   0.000000   0.000000   0.000000   0.000000
             0.029314  -0.026053  -0.701123  -0.711961   0.000000   0.000000   0.000000   0.000000
             0.998091   0.005126  -0.018176   0.058807   0.000000   0.000000   0.000000   0.000000
             0.002267  -0.998908  -0.009245   0.045750   0.000000   0.000000   0.000000   0.000000
 ---------- 
 U        = -0.013056   0.999915
             0.999915   0.013056
 ---------- 
 V        = -0.064679   0.997906
             0.997906   0.064679
 ---------- 
 F (st)   =  0.038831   0.999246
            -0.999246   0.038831
 ---------- 
 F (sb)   =  0.578458   0.815712
            -0.815712   0.578458
 ---------- 
 F (sl)   =  0.707862   0.706351
            -0.706351   0.707862
 ---------- 
          flags : 
 isq_ng   =  1
 ipart1   =  1
 ipart2   =  1
 isquark1 =  0
 isquark2 =  0
 icoll    =  1
 isca     =  0
 imx      =  0
 ---------- 
 numerical cuts : 
 all integrals :     0.00000001
 slicing       :     0.00001000
 subtraction   :     0.00010000
 small width   :     0.01000000
