 =================================================
 final state = nn
 ---------- 
 cm energy   =   13000.00
 ---------- 
 tan_beta =      9.40151
 ---------- 
 m_gluino =  10548.94730
 m_neut1  =    160.99746
 m_neut2  =   -169.52598
 m_neut3  =    598.76935
 m_neut4  =   1291.23175
 m_char1  =    165.28398
 m_char2  =   1291.22881
 ---------- 
 m_sdl    =  10303.84240
 m_sdr    =  10303.71770
 m_sul    =  10303.56170
 m_sur    =  10303.62390
 m_sq8    =  10303.68642
 m_sq10   =  10303.70520
 m_sb1    =  10303.59170
 m_sb2    =  10303.96890
 A_b      =    100.00000
 sin(2b)  =      0.00000
 cos(2b)  =      0.00000
 m_st1    =  10186.90990
 m_st2    =  10306.55230
 A_t      =    100.00000
 sin(2t)  =      0.00000
 cos(2t)  =      0.00000
 ---------- 
 m_sel    =  10000.09630
 m_ser    =  10000.09670
 m_sne    =   9999.80701
 m_stau1  =   9999.94350
 m_stau2  =  10000.24980
 m_sntau  =   9999.80701
 A_l      =    251.73726
 sin(2l)  =      0.00000
 cos(2l)  =      0.00000
 ---------- 
 m_ha     =  10000.00000
 m_hl     =    126.22714
 m_hh     =  10000.05040
 m_hc     =  10000.77130
 sin(alp) =     -0.10579
 cos(alp) =      0.99439
 ---------- 
 Z_bw     =  0.078415  -0.052316   0.714064  -0.693705   0.000000   0.000000   0.000000   0.000000
             0.036943  -0.033560  -0.699283  -0.713100   0.000000   0.000000   0.000000   0.000000
             0.996228   0.009346  -0.030217   0.080802   0.000000   0.000000   0.000000   0.000000
             0.003977  -0.998023  -0.014200   0.061100   0.000000   0.000000   0.000000   0.000000
 ---------- 
 U        = -0.020039   0.999799
             0.999799   0.020039
 ---------- 
 V        = -0.086359   0.996264
             0.996264   0.086359
 ---------- 
 F (st)   =  0.038679   0.999252
            -0.999252   0.038679
 ---------- 
 F (sb)   =  0.578468   0.815705
            -0.815705   0.578468
 ---------- 
 F (sl)   =  0.707516   0.706697
            -0.706697   0.707516
 ---------- 
          flags : 
 isq_ng   =  1
 ipart1   =  2
 ipart2   =  3
 isquark1 =  0
 isquark2 =  0
 icoll    =  1
 isca     =  0
 imx      =  0
 ---------- 
 numerical cuts : 
 all integrals :     0.00000001
 slicing       :     0.00001000
 subtraction   :     0.00010000
 small width   :     0.01000000
