 =================================================
 final state = nn
 ---------- 
 cm energy   =   13000.00
 ---------- 
 tan_beta =      9.39844
 ---------- 
 m_gluino =  10548.94910
 m_neut1  =    171.01122
 m_neut2  =   -191.80075
 m_neut3  =    307.43573
 m_neut4  =    663.77013
 m_char1  =    182.58464
 m_char2  =    663.74286
 ---------- 
 m_sdl    =  10303.84320
 m_sdr    =  10303.71850
 m_sul    =  10303.56270
 m_sur    =  10303.62520
 m_sq8    =  10303.68740
 m_sq10   =  10303.70614
 m_sb1    =  10303.57280
 m_sb2    =  10303.98940
 A_b      =    100.00000
 sin(2b)  =      0.00000
 cos(2b)  =      0.00000
 m_st1    =  10186.20600
 m_st2    =  10306.05700
 A_t      =    100.00000
 sin(2t)  =      0.00000
 cos(2t)  =      0.00000
 ---------- 
 m_sel    =  10000.09640
 m_ser    =  10000.09610
 m_sne    =   9999.80744
 m_stau1  =   9999.92695
 m_stau2  =  10000.26590
 m_sntau  =   9999.80744
 A_l      =    251.73726
 sin(2l)  =      0.00000
 cos(2l)  =      0.00000
 ---------- 
 m_ha     =  10000.00000
 m_hl     =    126.83695
 m_hh     =  10000.05110
 m_hc     =  10000.76740
 sin(alp) =     -0.10583
 cos(alp) =      0.99438
 ---------- 
 Z_bw     =  0.254888  -0.115423   0.703417  -0.653387   0.000000   0.000000   0.000000   0.000000
             0.057822  -0.057982  -0.694470  -0.714847   0.000000   0.000000   0.000000   0.000000
             0.965106   0.050495  -0.143355   0.213238   0.000000   0.000000   0.000000   0.000000
             0.016117  -0.990336  -0.048632   0.128877   0.000000   0.000000   0.000000   0.000000
 ---------- 
 U        = -0.068376   0.997660
             0.997660   0.068376
 ---------- 
 V        = -0.181833   0.983329
             0.983329   0.181833
 ---------- 
 F (st)   =  0.038412   0.999262
            -0.999262   0.038412
 ---------- 
 F (sb)   =  0.591906   0.806007
            -0.806007   0.591906
 ---------- 
 F (sl)   =  0.706774   0.707440
            -0.707440   0.706774
 ---------- 
          flags : 
 isq_ng   =  1
 ipart1   =  1
 ipart2   =  2
 isquark1 =  0
 isquark2 =  0
 icoll    =  1
 isca     =  0
 imx      =  0
 ---------- 
 numerical cuts : 
 all integrals :     0.00000001
 slicing       :     0.00001000
 subtraction   :     0.00010000
 small width   :     0.01000000
