 =================================================
 final state = nn
 ---------- 
 cm energy   =   13000.00
 ---------- 
 tan_beta =      9.40290
 ---------- 
 m_gluino =  10548.94470
 m_neut1  =    224.50275
 m_neut2  =   -230.98751
 m_neut3  =    796.46271
 m_neut4  =   1706.32220
 m_char1  =    227.78615
 m_char2  =   1706.32085
 ---------- 
 m_sdl    =  10303.84110
 m_sdr    =  10303.71640
 m_sul    =  10303.56050
 m_sur    =  10303.62240
 m_sq8    =  10303.68510
 m_sq10   =  10303.70388
 m_sb1    =  10303.53050
 m_sb2    =  10304.02750
 A_b      =    100.00000
 sin(2b)  =      0.00000
 cos(2b)  =      0.00000
 m_st1    =  10187.23930
 m_st2    =  10306.99100
 A_t      =    100.00000
 sin(2t)  =      0.00000
 cos(2t)  =      0.00000
 ---------- 
 m_sel    =  10000.09610
 m_ser    =  10000.09690
 m_sne    =   9999.80699
 m_stau1  =   9999.89426
 m_stau2  =  10000.29910
 m_sntau  =   9999.80699
 A_l      =    251.73726
 sin(2l)  =      0.00000
 cos(2l)  =      0.00000
 ---------- 
 m_ha     =  10000.00000
 m_hl     =    125.93716
 m_hh     =  10000.04960
 m_hc     =  10000.77310
 sin(alp) =     -0.10578
 cos(alp) =      0.99439
 ---------- 
 Z_bw     =  0.060304  -0.040105   0.710880  -0.699575   0.000000   0.000000   0.000000   0.000000
             0.027466  -0.025139  -0.702832  -0.710381   0.000000   0.000000   0.000000   0.000000
             0.997799   0.005421  -0.023592   0.061728   0.000000   0.000000   0.000000   0.000000
             0.002303  -0.998864  -0.010982   0.046302   0.000000   0.000000   0.000000   0.000000
 ---------- 
 U        = -0.015512   0.999880
             0.999880   0.015512
 ---------- 
 V        = -0.065459   0.997855
             0.997855   0.065459
 ---------- 
 F (st)   =  0.039123   0.999234
            -0.999234   0.039123
 ---------- 
 F (sb)   =  0.612046   0.790822
            -0.790822   0.612046
 ---------- 
 F (sl)   =  0.707792   0.706421
            -0.706421   0.707792
 ---------- 
          flags : 
 isq_ng   =  1
 ipart1   =  3
 ipart2   =  4
 isquark1 =  0
 isquark2 =  0
 icoll    =  1
 isca     =  0
 imx      =  0
 ---------- 
 numerical cuts : 
 all integrals :     0.00000001
 slicing       :     0.00001000
 subtraction   :     0.00010000
 small width   :     0.01000000
