 =================================================
 final state = nn
 ---------- 
 cm energy   =   13000.00
 ---------- 
 tan_beta =      9.40462
 ---------- 
 m_gluino =  10548.94070
 m_neut1  =    164.37244
 m_neut2  =   -168.50297
 m_neut3  =   1192.87200
 m_neut4  =   2530.23796
 m_char1  =    166.39800
 m_char2  =   2530.23758
 ---------- 
 m_sdl    =  10303.83930
 m_sdr    =  10303.71450
 m_sul    =  10303.55820
 m_sur    =  10303.62010
 m_sq8    =  10303.68303
 m_sq10   =  10303.70185
 m_sb1    =  10303.58850
 m_sb2    =  10303.96580
 A_b      =    100.00000
 sin(2b)  =      0.00000
 cos(2b)  =      0.00000
 m_st1    =  10187.68640
 m_st2    =  10308.46490
 A_t      =    100.00000
 sin(2t)  =      0.00000
 cos(2t)  =      0.00000
 ---------- 
 m_sel    =  10000.09620
 m_ser    =  10000.09730
 m_sne    =   9999.80656
 m_stau1  =   9999.94367
 m_stau2  =  10000.25010
 m_sntau  =   9999.80656
 A_l      =    251.73726
 sin(2l)  =      0.00000
 cos(2l)  =      0.00000
 ---------- 
 m_ha     =  10000.00000
 m_hl     =    125.59535
 m_hh     =  10000.04990
 m_hc     =  10000.77420
 sin(alp) =     -0.10576
 cos(alp) =      0.99439
 ---------- 
 Z_bw     =  0.033586  -0.025178   0.711075  -0.701862   0.000000   0.000000   0.000000   0.000000
             0.020744  -0.018050  -0.703035  -0.710624   0.000000   0.000000   0.000000   0.000000
             0.999220   0.002253  -0.009301   0.038313   0.000000   0.000000   0.000000   0.000000
             0.001032  -0.999517  -0.005237   0.030600   0.000000   0.000000   0.000000   0.000000
 ---------- 
 U        = -0.007401   0.999973
             0.999973   0.007401
 ---------- 
 V        = -0.043268   0.999063
             0.999063   0.043268
 ---------- 
 F (st)   =  0.038967   0.999241
            -0.999241   0.038967
 ---------- 
 F (sb)   =  0.578436   0.815728
            -0.815728   0.578436
 ---------- 
 F (sl)   =  0.708349   0.705863
            -0.705863   0.708349
 ---------- 
          flags : 
 isq_ng   =  1
 ipart1   =  5
 ipart2   =  8
 isquark1 =  0
 isquark2 =  0
 icoll    =  1
 isca     =  0
 imx      =  0
 ---------- 
 numerical cuts : 
 all integrals :     0.00000001
 slicing       :     0.00001000
 subtraction   :     0.00010000
 small width   :     0.01000000
